   0.0000000E+00   0.0000000E+00 
   0.1013933E+00   0.1782396E-03 
   0.2027866E+00  -0.4879589E-03 
   0.3041799E+00   0.6309789E-02 
   0.4055732E+00   0.2938589E-02 
   0.5069665E+00  -0.3175393E-02 
   0.6083598E+00  -0.2841822E-02 
   0.7097531E+00  -0.1075575E-02 
   0.8111463E+00   0.1983301E-02 
   0.9125396E+00  -0.1013071E-03 
   0.1013933E+01  -0.1435573E-02 
   0.1115326E+01   0.3015436E-03 
   0.1216720E+01   0.4747588E-02 
   0.1318113E+01  -0.6435560E-02 
   0.1419506E+01   0.1422697E-01 
   0.1520899E+01  -0.2862949E-01 
   0.1622293E+01  -0.1066523E-01 
   0.1723686E+01   0.4953182E-01 
   0.1825079E+01   0.1760777E-01 
   0.1926473E+01   0.8393147E-01 
   0.2027866E+01  -0.6121731E-01 
   0.2129259E+01  -0.1480708E+00 
   0.2230652E+01  -0.8099049E-01 
   0.2332046E+01   0.3512085E-02 
   0.2433439E+01   0.2919735E+00 
   0.2534832E+01  -0.3787340E+00 
   0.2636226E+01  -0.5612796E-01 
   0.2737619E+01   0.4821142E+00 
   0.2839012E+01   0.1851887E+00 
   0.2940405E+01  -0.3995185E+00 
   0.3041799E+01  -0.1718802E+00 
   0.3143192E+01   0.8209306E-01 
   0.3244585E+01  -0.8809619E-01 
   0.3345979E+01   0.7489130E-01 
   0.3447372E+01   0.2401185E+00 
   0.3548765E+01  -0.7002646E-01 
   0.3650159E+01   0.1031511E+00 
   0.3751552E+01   0.3205969E+00 
   0.3852945E+01  -0.1237431E+00 
   0.3954338E+01  -0.3152319E+00 
   0.4055732E+01   0.2326603E-01 
   0.4157125E+01  -0.3680606E-01 
   0.4258518E+01   0.7115983E-01 
   0.4359912E+01  -0.4134076E-01 
   0.4461305E+01  -0.3250922E-01 
   0.4562698E+01   0.5254158E-01 
   0.4664091E+01   0.1077579E+00 
   0.4765485E+01   0.1702994E+00 
   0.4866878E+01   0.8394131E-01 
   0.4968271E+01   0.5820997E-01 
   0.5069665E+01  -0.2339297E+00 
   0.5171058E+01  -0.5172856E-01 
   0.5272451E+01   0.2826351E+00 
   0.5373845E+01   0.1241273E+00 
   0.5475238E+01  -0.2875589E-01 
   0.5576631E+01  -0.1556190E-01 
   0.5678024E+01  -0.4698203E-01 
   0.5779418E+01  -0.7323313E-01 
   0.5880811E+01   0.4972921E-01 
   0.5982204E+01   0.1538886E+00 
   0.6083598E+01   0.1231023E+00 
   0.6184991E+01  -0.1152490E+00 
   0.6286384E+01   0.3484725E-01 
   0.6387777E+01  -0.8984321E-01 
   0.6489171E+01  -0.1105368E+00 
   0.6590564E+01  -0.1833439E-01 
   0.6691957E+01   0.2047307E+00 
   0.6793351E+01   0.2590924E-01 
   0.6894744E+01   0.4409974E-02 
   0.6996137E+01  -0.2828458E-01 
   0.7097531E+01  -0.4383716E-01 
   0.7198924E+01   0.7513259E-02 
   0.7300317E+01   0.1172592E+00 
   0.7401710E+01   0.6832013E-02 
   0.7503104E+01  -0.4726699E-01 
   0.7604497E+01  -0.8495666E-01 
   0.7705890E+01   0.3303125E-01 
   0.7807284E+01   0.3608968E-01 
   0.7908677E+01  -0.7457910E-02 
   0.8010070E+01   0.2978432E-01 
   0.8111463E+01   0.7924124E-01 
   0.8212857E+01  -0.6148324E-01 
   0.8314250E+01   0.5770261E-01 
   0.8415643E+01   0.2896331E-01 
   0.8517037E+01  -0.6380899E-01 
   0.8618430E+01  -0.4666337E-01 
   0.8719823E+01   0.9162458E-01 
   0.8821216E+01   0.4723867E-01 
   0.8922610E+01  -0.4851758E-01 
   0.9024003E+01   0.3127671E-01 
   0.9125396E+01  -0.4368777E-01 
   0.9226790E+01  -0.1004552E-01 
   0.9328183E+01  -0.2023855E+00 
   0.9429576E+01  -0.6999359E-01 
   0.9530970E+01   0.2433743E+00 
   0.9632363E+01   0.2682460E-01 
   0.9733756E+01  -0.1521306E+00 
   0.9835149E+01   0.1364501E+00 
   0.9936543E+01   0.1432501E+00 
