   0.0000000E+00   0.0000000E+00 
   0.1013933E+00   0.3468886E-03 
   0.2027866E+00  -0.5557645E-03 
   0.3041799E+00   0.8176619E-02 
   0.4055732E+00   0.1574989E-02 
   0.5069665E+00  -0.3753893E-02 
   0.6083598E+00  -0.3634486E-02 
   0.7097531E+00  -0.1424839E-02 
   0.8111463E+00   0.3665086E-03 
   0.9125396E+00  -0.1911494E-03 
   0.1013933E+01  -0.7249529E-03 
   0.1115326E+01  -0.2378367E-02 
   0.1216720E+01   0.4813252E-02 
   0.1318113E+01  -0.1374932E-01 
   0.1419506E+01   0.7496070E-02 
   0.1520899E+01  -0.1254285E-01 
   0.1622293E+01  -0.1148396E-01 
   0.1723686E+01   0.2669519E-01 
   0.1825079E+01   0.2702099E-01 
   0.1926473E+01   0.1571153E+00 
   0.2027866E+01  -0.6565779E-01 
   0.2129259E+01  -0.1370646E+00 
   0.2230652E+01  -0.1061604E+00 
   0.2332046E+01  -0.4745687E-01 
   0.2433439E+01   0.1990105E+00 
   0.2534832E+01  -0.2424581E+00 
   0.2636226E+01  -0.1036376E+00 
   0.2737619E+01   0.6316723E+00 
   0.2839012E+01   0.1446513E+00 
   0.2940405E+01  -0.3676892E+00 
   0.3041799E+01  -0.2479544E+00 
   0.3143192E+01   0.1211004E+00 
   0.3244585E+01  -0.1986679E+00 
   0.3345979E+01   0.8621987E-01 
   0.3447372E+01   0.1788825E+00 
   0.3548765E+01  -0.8197524E-01 
   0.3650159E+01   0.1728427E+00 
   0.3751552E+01   0.3272048E+00 
   0.3852945E+01  -0.1780671E+00 
   0.3954338E+01  -0.3035878E+00 
   0.4055732E+01  -0.2253374E-01 
   0.4157125E+01  -0.3510777E-01 
   0.4258518E+01   0.3049074E-01 
   0.4359912E+01   0.6709834E-02 
   0.4461305E+01  -0.3945752E-02 
   0.4562698E+01  -0.2474583E-01 
   0.4664091E+01   0.1370033E+00 
   0.4765485E+01   0.2527501E+00 
   0.4866878E+01   0.3241939E-01 
   0.4968271E+01   0.4082833E-01 
   0.5069665E+01  -0.3731569E+00 
   0.5171058E+01  -0.1198894E-01 
   0.5272451E+01   0.2648774E+00 
   0.5373845E+01  -0.1487272E-01 
   0.5475238E+01  -0.1584671E-01 
   0.5576631E+01  -0.2606818E-02 
   0.5678024E+01  -0.1267562E+00 
   0.5779418E+01  -0.9695767E-01 
   0.5880811E+01   0.7567349E-02 
   0.5982204E+01   0.1863447E+00 
   0.6083598E+01   0.1007427E+00 
   0.6184991E+01  -0.1453492E+00 
   0.6286384E+01   0.6388260E-01 
   0.6387777E+01  -0.1108657E+00 
   0.6489171E+01  -0.1476914E+00 
   0.6590564E+01  -0.2497254E-01 
   0.6691957E+01   0.2144554E+00 
   0.6793351E+01   0.2901248E-01 
   0.6894744E+01  -0.6171047E-02 
   0.6996137E+01  -0.5953291E-02 
   0.7097531E+01  -0.7415960E-01 
   0.7198924E+01   0.2118017E-01 
   0.7300317E+01   0.1271792E+00 
   0.7401710E+01  -0.3687248E-01 
   0.7503104E+01  -0.3093297E-01 
   0.7604497E+01  -0.1105719E+00 
   0.7705890E+01   0.2673882E-02 
   0.7807284E+01   0.3191885E-01 
   0.7908677E+01  -0.2766015E-02 
   0.8010070E+01  -0.5996135E-02 
   0.8111463E+01   0.1131644E+00 
   0.8212857E+01  -0.5773193E-01 
   0.8314250E+01   0.6078701E-01 
   0.8415643E+01   0.4607933E-02 
   0.8517037E+01  -0.6126403E-01 
   0.8618430E+01  -0.7522822E-01 
   0.8719823E+01   0.7165817E-01 
   0.8821216E+01   0.1045725E+00 
   0.8922610E+01  -0.5561371E-01 
   0.9024003E+01   0.1025763E-01 
   0.9125396E+01  -0.3562894E-01 
   0.9226790E+01  -0.8627632E-01 
   0.9328183E+01  -0.1542048E+00 
   0.9429576E+01  -0.2915862E-01 
   0.9530970E+01   0.2294461E+00 
   0.9632363E+01   0.8449180E-01 
   0.9733756E+01  -0.1233214E+00 
   0.9835149E+01   0.1546144E+00 
   0.9936543E+01   0.7062249E-01 
