   0.0000000E+00   0.0000000E+00 
   0.1013933E+00  -0.4025964E+00 
   0.2027866E+00  -0.3517055E+02 
   0.3041799E+00  -0.2111914E+03 
   0.4055732E+00  -0.9958154E+03 
   0.5069665E+00  -0.2653116E+02 
   0.6083598E+00   0.1017247E+04 
   0.7097531E+00   0.5810675E+03 
   0.8111463E+00   0.3649256E+02 
   0.9125396E+00  -0.2906152E+03 
   0.1013933E+01  -0.2065677E+03 
   0.1115326E+01   0.1281946E+04 
   0.1216720E+01   0.2159298E+04 
   0.1318113E+01  -0.2508089E+03 
   0.1419506E+01  -0.1504808E+04 
   0.1520899E+01  -0.7100369E+04 
   0.1622293E+01   0.8358522E+03 
   0.1723686E+01   0.1774669E+05 
   0.1825079E+01   0.5099881E+04 
   0.1926473E+01  -0.2095311E+05 
   0.2027866E+01  -0.3884368E+05 
   0.2129259E+01   0.1055277E+04 
   0.2230652E+01   0.5329713E+05 
   0.2332046E+01   0.5894099E+05 
   0.2433439E+01   0.6013581E+04 
   0.2534832E+01  -0.4157272E+05 
   0.2636226E+01  -0.4155181E+05 
   0.2737619E+01   0.1764971E+04 
   0.2839012E+01  -0.2517266E+05 
   0.2940405E+01   0.4236907E+03 
   0.3041799E+01   0.2976566E+05 
   0.3143192E+01   0.3621957E+05 
   0.3244585E+01  -0.2983943E+04 
   0.3345979E+01   0.1171191E+05 
   0.3447372E+01   0.7021407E+04 
   0.3548765E+01  -0.1363902E+05 
   0.3650159E+01  -0.1825505E+05 
   0.3751552E+01  -0.1662916E+05 
   0.3852945E+01  -0.2555246E+05 
   0.3954338E+01   0.6341110E+04 
   0.4055732E+01   0.3078115E+05 
   0.4157125E+01   0.3323954E+05 
   0.4258518E+01   0.1767647E+05 
   0.4359912E+01  -0.1050295E+05 
   0.4461305E+01  -0.1807124E+05 
   0.4562698E+01  -0.8100880E+04 
   0.4664091E+01  -0.1499540E+05 
   0.4765485E+01  -0.3018163E+05 
   0.4866878E+01  -0.1183575E+05 
   0.4968271E+01   0.2695941E+05 
   0.5069665E+01   0.2940332E+05 
   0.5171058E+01   0.1588858E+05 
   0.5272451E+01  -0.1287899E+05 
   0.5373845E+01  -0.1604863E+05 
   0.5475238E+01  -0.1213717E+05 
   0.5576631E+01   0.1769727E+04 
   0.5678024E+01   0.1252748E+05 
   0.5779418E+01   0.1538684E+05 
   0.5880811E+01   0.5549998E+04 
   0.5982204E+01  -0.4688195E+04 
   0.6083598E+01  -0.1689431E+05 
   0.6184991E+01  -0.1552824E+05 
   0.6286384E+01   0.1249347E+05 
   0.6387777E+01   0.5646248E+04 
   0.6489171E+01  -0.1282612E+05 
   0.6590564E+01  -0.7791552E+04 
   0.6691957E+01   0.1126292E+05 
   0.6793351E+01   0.5344788E+04 
   0.6894744E+01   0.4128719E+04 
   0.6996137E+01   0.3099257E+04 
   0.7097531E+01  -0.8989142E+04 
   0.7198924E+01  -0.6290739E+04 
   0.7300317E+01   0.2350495E+04 
   0.7401710E+01   0.1765402E+04 
   0.7503104E+01   0.3967748E+04 
   0.7604497E+01  -0.4313013E+04 
   0.7705890E+01   0.3397505E+04 
   0.7807284E+01   0.4423132E+04 
   0.7908677E+01   0.2792230E+04 
   0.8010070E+01   0.2849350E+03 
   0.8111463E+01  -0.7785296E+04 
   0.8212857E+01  -0.1728448E+05 
   0.8314250E+01  -0.5121202E+01 
   0.8415643E+01   0.7591909E+04 
   0.8517037E+01   0.9682385E+04 
   0.8618430E+01   0.1362261E+05 
   0.8719823E+01   0.1049914E+05 
   0.8821216E+01  -0.1613771E+05 
   0.8922610E+01  -0.2289187E+05 
   0.9024003E+01   0.5595965E+04 
   0.9125396E+01   0.1001619E+05 
   0.9226790E+01   0.4779013E+04 
   0.9328183E+01  -0.1154930E+04 
   0.9429576E+01  -0.2252336E+04 
   0.9530970E+01   0.1154603E+05 
   0.9632363E+01  -0.7102335E+02 
   0.9733756E+01  -0.1721755E+05 
   0.9835149E+01   0.4595722E+04 
   0.9936543E+01  -0.5905721E+04 
