   0.0000000E+00   0.0000000E+00 
   0.1013933E+00   0.2530469E+00 
   0.2027866E+00  -0.2281842E+01 
   0.3041799E+00  -0.3848207E+03 
   0.4055732E+00  -0.6117849E+03 
   0.5069665E+00   0.5449124E+03 
   0.6083598E+00   0.1032907E+04 
   0.7097531E+00   0.7609700E+02 
   0.8111463E+00  -0.2684694E+03 
   0.9125396E+00  -0.2361763E+03 
   0.1013933E+01   0.1521401E+03 
   0.1115326E+01   0.1402116E+04 
   0.1216720E+01   0.8991267E+03 
   0.1318113E+01  -0.1057291E+04 
   0.1419506E+01  -0.2295265E+04 
   0.1520899E+01  -0.6118070E+04 
   0.1622293E+01   0.5678524E+04 
   0.1723686E+01   0.1621736E+05 
   0.1825079E+01  -0.4481644E+04 
   0.1926473E+01  -0.2797223E+05 
   0.2027866E+01  -0.2323410E+05 
   0.2129259E+01   0.2509494E+05 
   0.2230652E+01   0.5408611E+05 
   0.2332046E+01   0.2792251E+05 
   0.2433439E+01  -0.3494902E+05 
   0.2534832E+01  -0.4157272E+05 
   0.2636226E+01  -0.6722964E+04 
   0.2737619E+01   0.1073753E+05 
   0.2839012E+01  -0.2227226E+05 
   0.2940405E+01  -0.1584107E+04 
   0.3041799E+01   0.3759167E+05 
   0.3143192E+01   0.3270770E+05 
   0.3244585E+01  -0.1136363E+05 
   0.3345979E+01   0.1536002E+04 
   0.3447372E+01   0.2841156E+04 
   0.3548765E+01  -0.1782028E+05 
   0.3650159E+01  -0.2105055E+05 
   0.3751552E+01  -0.6897207E+04 
   0.3852945E+01  -0.1116983E+05 
   0.3954338E+01   0.1102275E+05 
   0.4055732E+01   0.3140084E+05 
   0.4157125E+01   0.2134070E+05 
   0.4258518E+01   0.3456761E+04 
   0.4359912E+01  -0.1302907E+05 
   0.4461305E+01  -0.1326086E+05 
   0.4562698E+01   0.7957805E+03 
   0.4664091E+01  -0.1795760E+05 
   0.4765485E+01  -0.3106454E+05 
   0.4866878E+01   0.9710894E+04 
   0.4968271E+01   0.3963296E+05 
   0.5069665E+01   0.2248132E+05 
   0.5171058E+01  -0.1251155E+05 
   0.5272451E+01  -0.9935930E+04 
   0.5373845E+01   0.5193350E+04 
   0.5475238E+01   0.6940940E+03 
   0.5576631E+01  -0.5181444E+04 
   0.5678024E+01   0.6880669E+04 
   0.5779418E+01   0.5687273E+04 
   0.5880811E+01  -0.1576823E+04 
   0.5982204E+01  -0.1059557E+05 
   0.6083598E+01  -0.1443126E+05 
   0.6184991E+01  -0.4465178E+04 
   0.6286384E+01   0.2048114E+05 
   0.6387777E+01   0.8809582E+04 
   0.6489171E+01  -0.1176490E+05 
   0.6590564E+01  -0.1108096E+05 
   0.6691957E+01   0.9585904E+04 
   0.6793351E+01   0.4811321E+04 
   0.6894744E+01   0.5999377E+04 
   0.6996137E+01   0.2662917E+04 
   0.7097531E+01  -0.7799882E+04 
   0.7198924E+01  -0.9806678E+04 
   0.7300317E+01   0.1059925E+04 
   0.7401710E+01   0.6912621E+04 
   0.7503104E+01   0.3863835E+04 
   0.7604497E+01  -0.4495448E+04 
   0.7705890E+01   0.2799140E+04 
   0.7807284E+01  -0.3887621E+03 
   0.7908677E+01  -0.4455742E+03 
   0.8010070E+01   0.5394609E+04 
   0.8111463E+01  -0.6639976E+04 
   0.8212857E+01  -0.1542487E+05 
   0.8314250E+01   0.2723531E+04 
   0.8415643E+01   0.9517652E+04 
   0.8517037E+01   0.8122776E+04 
   0.8618430E+01   0.1179901E+05 
   0.8719823E+01   0.5199491E+04 
   0.8821216E+01  -0.1946851E+05 
   0.8922610E+01  -0.1571475E+05 
   0.9024003E+01   0.1357932E+05 
   0.9125396E+01   0.7545409E+04 
   0.9226790E+01  -0.1177066E+05 
   0.9328183E+01  -0.1240540E+05 
   0.9429576E+01   0.1246641E+05 
   0.9530970E+01   0.2668958E+05 
   0.9632363E+01  -0.9607191E+04 
   0.9733756E+01  -0.1643954E+05 
   0.9835149E+01   0.5340283E+04 
   0.9936543E+01  -0.1217689E+05 
