   0.0000000E+00   0.0000000E+00   0.0000000E+00   0.0000000E+00   0.0000000E+00 
   0.1013933E+00   0.3341983E+01   0.3629203E+01  -0.4518730E+00   0.7153224E+01 
   0.2027866E+00  -0.1144287E+03   0.1282306E+03  -0.2136458E+02   0.7849342E+02 
   0.3041799E+00  -0.3876789E+04  -0.1911977E+04  -0.9619298E+03  -0.2591855E+04 
   0.4055732E+00  -0.1980271E+05   0.3150461E+03  -0.1969819E+01  -0.2429983E+03 
   0.5069665E+00  -0.1025614E+05   0.2283249E+04   0.1295701E+04   0.2948560E+04 
   0.6083598E+00  -0.7992636E+04   0.9596204E+03   0.6357482E+03   0.1697312E+04 
   0.7097531E+00  -0.5164760E+04  -0.1630111E+04  -0.6476567E+03  -0.1354944E+04 
   0.8111463E+00   0.3237496E+04   0.1223801E+03  -0.2158681E+02  -0.1875270E+03 
   0.9125396E+00   0.8728507E+04  -0.4345974E+03  -0.2583963E+03  -0.7451428E+03 
   0.1013933E+01   0.1174255E+05   0.6086706E+03   0.3680167E+03   0.8352585E+03 
   0.1115326E+01   0.4799655E+05   0.3213696E+04   0.2200461E+04   0.5306077E+04 
   0.1216720E+01   0.6577131E+05  -0.1263679E+04  -0.1654322E+03  -0.5232705E+03 
   0.1318113E+01   0.4955767E+05  -0.2855248E+03  -0.5699144E+03  -0.7422071E+03 
   0.1419506E+01   0.6462147E+05  -0.2270378E+04  -0.2516085E+04  -0.5616206E+04 
   0.1520899E+01  -0.1409175E+06  -0.1337891E+05  -0.7892535E+04  -0.1928506E+05 
   0.1622293E+01  -0.4386112E+04   0.1990323E+05   0.1259471E+05   0.2763811E+05 
   0.1723686E+01   0.2319685E+06   0.2364676E+05   0.1607763E+05   0.3907509E+05 
   0.1825079E+01   0.6556392E+05  -0.1775361E+05  -0.1716467E+05  -0.3308463E+05 
   0.1926473E+01  -0.1570490E+06  -0.1775357E+05  -0.1748048E+05  -0.4547655E+05 
   0.2027866E+01  -0.6402663E+06   0.6966233E+04   0.3975800E+04   0.9360640E+04 
   0.2129259E+01  -0.3619914E+06   0.5604023E+04   0.1087472E+05   0.2671153E+05 
   0.2230652E+01   0.6551516E+05   0.1425119E+05   0.2312684E+05   0.5475887E+05 
   0.2332046E+01   0.6826331E+06   0.2546302E+05   0.2919073E+05   0.7082528E+05 
   0.2433439E+01   0.8938143E+06  -0.2411152E+04  -0.1068409E+05  -0.2569899E+05 
   0.2534832E+01  -0.9435422E+06  -0.1149467E+04  -0.1527566E+05  -0.3540038E+05 
   0.2636226E+01   0.1331586E+06  -0.1983258E+04  -0.1173275E+05  -0.1911641E+05 
   0.2737619E+01   0.6146134E+06  -0.1775331E+05  -0.1748030E+05  -0.4547611E+05 
   0.2839012E+01   0.3476080E+05  -0.7649567E+04   0.5640956E+03  -0.8399295E+04 
   0.2940405E+01  -0.1082527E+07   0.5065864E+04   0.4336285E+04   0.1040038E+05 
   0.3041799E+01  -0.3650863E+06   0.8719115E+04   0.7802509E+04   0.1957182E+05 
   0.3143192E+01  -0.5145758E+06  -0.1589078E+05  -0.1062075E+05  -0.2859545E+05 
   0.3244585E+01  -0.1115693E+06   0.7297420E+04   0.6414923E+04   0.1670788E+05 
   0.3345979E+01   0.6262057E+06  -0.8524282E+04   0.9419659E+04   0.2187547E+05 
   0.3447372E+01   0.1167560E+07  -0.7491844E+04  -0.1156470E+04   0.9457951E+03 
   0.3548765E+01   0.4432140E+06   0.1682449E+04  -0.3538655E+04  -0.8415157E+04 
   0.3650159E+01   0.2888614E+06  -0.9951546E+04  -0.8708639E+04  -0.2292930E+05 
   0.3751552E+01   0.2385066E+06  -0.1003105E+05  -0.8252987E+04  -0.2296317E+05 
   0.3852945E+01  -0.2517208E+06   0.5995874E+04   0.3156613E+04   0.8801238E+04 
   0.3954338E+01  -0.5260168E+06   0.3946161E+04   0.2849864E+04   0.7221747E+04 
   0.4055732E+01  -0.2722057E+06   0.5704967E+04   0.9261615E+02   0.5980761E+04 
   0.4157125E+01  -0.6659664E+06   0.6676421E+03   0.3834943E+04   0.1745292E+05 
   0.4258518E+01  -0.2559005E+06   0.7806578E+04   0.8461018E+04   0.2369701E+05 
   0.4359912E+01  -0.1482503E+06  -0.2223974E+04  -0.1004182E+04  -0.9887116E+04 
   0.4461305E+01   0.4918278E+06   0.5043714E+04   0.1900027E+04   0.5037660E+04 
   0.4562698E+01   0.8600603E+06   0.7309711E+04   0.4256441E+04   0.1018299E+05 
   0.4664091E+01   0.1587606E+06  -0.9600066E+04  -0.9950769E+04  -0.2714482E+05 
   0.4765485E+01  -0.8820258E+06  -0.1294929E+05  -0.1315038E+05  -0.3641133E+05 
   0.4866878E+01  -0.5740455E+06   0.8610068E+04   0.6350958E+04   0.1568671E+05 
   0.4968271E+01   0.4976441E+06  -0.5314490E+04   0.7439924E+04   0.1140980E+05 
   0.5069665E+01   0.3590647E+05   0.7532814E+04   0.4508365E+04   0.1344512E+05 
   0.5171058E+01  -0.2412254E+06  -0.1036529E+05  -0.7971281E+04  -0.2136668E+05 
   0.5272451E+01  -0.5012884E+06   0.1249110E+03   0.4352655E+03  -0.5891678E+04 
   0.5373845E+01   0.2629827E+06   0.4369092E+04   0.5892162E+04   0.1519422E+05 
   0.5475238E+01   0.2645904E+06   0.2944141E+04  -0.3272515E+04  -0.3232748E+04 
   0.5576631E+01   0.7544310E+06  -0.7374074E+04  -0.1177599E+04  -0.1320526E+05 
   0.5678024E+01   0.3057165E+06   0.9018683E+04   0.6983895E+04   0.1945077E+05 
   0.5779418E+01   0.3068361E+06  -0.5524822E+04  -0.1149067E+04   0.4978374E+03 
   0.5880811E+01  -0.5080853E+05   0.5234607E+04   0.4446979E+04   0.1135121E+05 
   0.5982204E+01   0.6554637E+06  -0.5823685E+04  -0.3671236E+04  -0.1002344E+05 
   0.6083598E+01   0.1501673E+06   0.5172197E+04  -0.1596205E+04  -0.6287607E+04 
   0.6184991E+01  -0.9269453E+05  -0.1190978E+03   0.2529921E+04   0.5070962E+04 
   0.6286384E+01  -0.4124869E+06   0.5088432E+04   0.1767208E+04   0.3891808E+04 
   0.6387777E+01  -0.5109814E+06  -0.5450836E+04  -0.4233247E+04  -0.1075640E+05 
   0.6489171E+01  -0.8813786E+06   0.4239882E+04  -0.1045037E+04   0.5084443E+04 
   0.6590564E+01  -0.5243876E+06  -0.3172457E+04  -0.2583200E+04  -0.6070669E+04 
   0.6691957E+01  -0.3029259E+06  -0.4431522E+04  -0.4268262E+04  -0.8446243E+04 
   0.6793351E+01  -0.9826144E+05  -0.4621694E+04   0.1179367E+04  -0.1434017E+04 
   0.6894744E+01  -0.7410968E+05   0.6331555E+04   0.5308188E+04   0.1320854E+05 
   0.6996137E+01   0.2657700E+06  -0.3924921E+04  -0.3063596E+04  -0.5015271E+04 
   0.7097531E+01   0.3913140E+06   0.4595044E+04   0.1583790E+04   0.5718573E+04 
   0.7198924E+01   0.6637681E+06  -0.4317576E+04  -0.3729059E+04  -0.9521149E+04 
   0.7300317E+01   0.4523474E+06  -0.3211106E+04  -0.1534669E+04  -0.9227516E+04 
   0.7401710E+01   0.5372797E+06   0.4723922E+04   0.4152880E+04   0.1068890E+05 
   0.7503104E+01   0.1844228E+06  -0.5760975E+02  -0.3300375E+04  -0.7509303E+04 
   0.7604497E+01   0.9287539E+05   0.2356889E+04   0.1972554E+04   0.4897605E+04 
   0.7705890E+01   0.3711260E+05   0.1980189E+04   0.4477536E+04   0.1013654E+05 
   0.7807284E+01  -0.2086342E+05  -0.3819886E+04  -0.1990752E+04  -0.7666691E+04 
   0.7908677E+01  -0.3831415E+06   0.2840173E+04   0.2239554E+04   0.3381836E+04 
   0.8010070E+01  -0.1944422E+06   0.3143538E+04   0.1004144E+04   0.5397196E+04 
   0.8111463E+01  -0.4574187E+06  -0.4944931E+04  -0.4274133E+04  -0.1088206E+05 
   0.8212857E+01  -0.6875334E+06  -0.1902420E+04  -0.3856721E+04  -0.1082268E+05 
   0.8314250E+01  -0.4223837E+06  -0.2593189E+04   0.9646867E+03  -0.2574341E+04 
   0.8415643E+01  -0.2020400E+06   0.2934273E+04   0.1256680E+04   0.4750894E+04 
   0.8517037E+01  -0.2099171E+06   0.9663805E+03   0.2843380E+04   0.7061083E+04 
   0.8618430E+01   0.1978181E+06   0.6904274E+04   0.7306004E+04   0.1743560E+05 
   0.8719823E+01   0.5083595E+06  -0.3275129E+04  -0.1537521E+04   0.6894337E+03 
   0.8821216E+01   0.3847074E+06  -0.5450197E+04  -0.5648843E+04  -0.1440451E+05 
   0.8922610E+01   0.1540179E+06   0.5499172E+04   0.4339085E+04   0.9192228E+04 
   0.9024003E+01   0.7441589E+06   0.8655547E+04   0.5263116E+04   0.1216806E+05 
   0.9125396E+01   0.4625806E+06  -0.4799799E+04  -0.5534928E+04  -0.1377315E+05 
   0.9226790E+01   0.3549473E+06   0.4613165E+04   0.2686964E+04   0.7909081E+04 
   0.9328183E+01  -0.3760011E+06   0.3340494E+04  -0.1601516E+03   0.5427455E+04 
   0.9429576E+01  -0.2543450E+06  -0.3016539E+04  -0.4292169E+04  -0.4928968E+04 
   0.9530970E+01   0.3686830E+06  -0.3542840E+04   0.3155344E+04   0.5865066E+04 
   0.9632363E+01  -0.4766282E+05  -0.5870020E+04  -0.4897311E+04  -0.1225354E+05 
   0.9733756E+01  -0.7989832E+06   0.5854184E+04   0.4178905E+04   0.1196452E+05 
   0.9835149E+01  -0.1494569E+06  -0.4727631E+04  -0.3754840E+04  -0.1010843E+05 
   0.9936543E+01  -0.4474367E+06   0.3828528E+04   0.1769815E+04   0.2580185E+04 
