   0.0000000E+00   0.0000000E+00 
   0.1013933E+00  -0.2683976E+00 
   0.2027866E+00  -0.2344703E+02 
   0.3041799E+00  -0.1407943E+03 
   0.4055732E+00  -0.6638770E+03 
   0.5069665E+00  -0.1768744E+02 
   0.6083598E+00   0.6781647E+03 
   0.7097531E+00   0.3873783E+03 
   0.8111463E+00   0.2432838E+02 
   0.9125396E+00  -0.1937435E+03 
   0.1013933E+01  -0.1377118E+03 
   0.1115326E+01   0.8546309E+03 
   0.1216720E+01   0.1439532E+04 
   0.1318113E+01  -0.1672060E+03 
   0.1419506E+01  -0.1003205E+04 
   0.1520899E+01  -0.4733579E+04 
   0.1622293E+01   0.5572348E+03 
   0.1723686E+01   0.1183113E+05 
   0.1825079E+01   0.3399921E+04 
   0.1926473E+01  -0.1396874E+05 
   0.2027866E+01  -0.2589579E+05 
   0.2129259E+01   0.7035179E+03 
   0.2230652E+01   0.3553142E+05 
   0.2332046E+01   0.3929399E+05 
   0.2433439E+01   0.4009054E+04 
   0.2534832E+01  -0.2771515E+05 
   0.2636226E+01  -0.2770121E+05 
   0.2737619E+01   0.1176648E+04 
   0.2839012E+01  -0.1678177E+05 
   0.2940405E+01   0.2824605E+03 
   0.3041799E+01   0.1984377E+05 
   0.3143192E+01   0.2414638E+05 
   0.3244585E+01  -0.1989295E+04 
   0.3345979E+01   0.7807942E+04 
   0.3447372E+01   0.4680938E+04 
   0.3548765E+01  -0.9092683E+04 
   0.3650159E+01  -0.1217003E+05 
   0.3751552E+01  -0.1108611E+05 
   0.3852945E+01  -0.1703498E+05 
   0.3954338E+01   0.4227407E+04 
   0.4055732E+01   0.2052077E+05 
   0.4157125E+01   0.2215970E+05 
   0.4258518E+01   0.1178431E+05 
   0.4359912E+01  -0.7001967E+04 
   0.4461305E+01  -0.1204750E+05 
   0.4562698E+01  -0.5400587E+04 
   0.4664091E+01  -0.9996936E+04 
   0.4765485E+01  -0.2012108E+05 
   0.4866878E+01  -0.7890500E+04 
   0.4968271E+01   0.1797294E+05 
   0.5069665E+01   0.1960221E+05 
   0.5171058E+01   0.1059239E+05 
   0.5272451E+01  -0.8585992E+04 
   0.5373845E+01  -0.1069909E+05 
   0.5475238E+01  -0.8091444E+04 
   0.5576631E+01   0.1179818E+04 
   0.5678024E+01   0.8351655E+04 
   0.5779418E+01   0.1025789E+05 
   0.5880811E+01   0.3699998E+04 
   0.5982204E+01  -0.3125463E+04 
   0.6083598E+01  -0.1126288E+05 
   0.6184991E+01  -0.1035216E+05 
   0.6286384E+01   0.8328980E+04 
   0.6387777E+01   0.3764165E+04 
   0.6489171E+01  -0.8550749E+04 
   0.6590564E+01  -0.5194368E+04 
   0.6691957E+01   0.7508612E+04 
   0.6793351E+01   0.3563192E+04 
   0.6894744E+01   0.2752479E+04 
   0.6996137E+01   0.2066171E+04 
   0.7097531E+01  -0.5992761E+04 
   0.7198924E+01  -0.4193826E+04 
   0.7300317E+01   0.1566996E+04 
   0.7401710E+01   0.1176935E+04 
   0.7503104E+01   0.2645165E+04 
   0.7604497E+01  -0.2875342E+04 
   0.7705890E+01   0.2265003E+04 
   0.7807284E+01   0.2948755E+04 
   0.7908677E+01   0.1861487E+04 
   0.8010070E+01   0.1899566E+03 
   0.8111463E+01  -0.5190198E+04 
   0.8212857E+01  -0.1152299E+05 
   0.8314250E+01  -0.3414135E+01 
   0.8415643E+01   0.5061273E+04 
   0.8517037E+01   0.6454923E+04 
   0.8618430E+01   0.9081743E+04 
   0.8719823E+01   0.6999426E+04 
   0.8821216E+01  -0.1075847E+05 
   0.8922610E+01  -0.1526124E+05 
   0.9024003E+01   0.3730644E+04 
   0.9125396E+01   0.6677463E+04 
   0.9226790E+01   0.3186008E+04 
   0.9328183E+01  -0.7699531E+03 
   0.9429576E+01  -0.1501557E+04 
   0.9530970E+01   0.7697350E+04 
   0.9632363E+01  -0.4734890E+02 
   0.9733756E+01  -0.1147836E+05 
   0.9835149E+01   0.3063815E+04 
   0.9936543E+01  -0.3937148E+04 
