   0.0000000E+00   0.0000000E+00   0.0000000E+00   0.0000000E+00   0.0000000E+00 
   0.1013933E+00   0.1785566E-07   0.4241889E-05   0.6052389E-05   0.2682736E-04 
   0.2027866E+00   0.2905359E-04   0.2801327E-03   0.4839121E-03   0.9395377E-03 
   0.3041799E+00   0.4162366E-04   0.1773713E-02   0.1550915E-02   0.2167620E-02 
   0.4055732E+00   0.8440838E-04  -0.9642751E-03  -0.4741247E-03  -0.1708627E-02 
   0.5069665E+00   0.3562722E-03  -0.3185716E-02  -0.3003741E-02  -0.3169319E-02 
   0.6083598E+00   0.6030035E-03   0.9908769E-03  -0.4638868E-03   0.7483232E-03 
   0.7097531E+00  -0.1781437E-04   0.3761522E-02   0.2168277E-02   0.2198848E-02 
   0.8111463E+00  -0.6319531E-03  -0.3214047E-02  -0.1429219E-02  -0.1817905E-02 
   0.9125396E+00  -0.3524380E-03  -0.1303639E-02  -0.4486194E-03  -0.8827536E-03 
   0.1013933E+01  -0.3347671E-03   0.2094328E-02   0.4428416E-03   0.3481365E-04 
   0.1115326E+01  -0.1083771E-02  -0.1411876E-02  -0.2094730E-02  -0.1466950E-02 
   0.1216720E+01  -0.1038630E-02   0.6596995E-03  -0.4919907E-03   0.1545205E-02 
   0.1318113E+01  -0.5889685E-03   0.2322520E-02   0.2363230E-02   0.3924462E-03 
   0.1419506E+01  -0.2971583E-03   0.6594517E-02   0.7687069E-02   0.1078599E-01 
   0.1520899E+01   0.7275925E-03   0.5519948E-02   0.8176283E-02   0.4198721E-03 
   0.1622293E+01   0.2013125E-02  -0.2929558E-01  -0.2483254E-01  -0.2914678E-01 
   0.1723686E+01   0.2917985E-02  -0.1794665E-01  -0.2375396E-01  -0.6396980E-02 
   0.1825079E+01  -0.5380147E-03   0.6625274E-01   0.4651230E-01   0.5864751E-01 
   0.1926473E+01  -0.6268889E-02   0.3789433E-01   0.5155226E-01   0.4305559E-01 
   0.2027866E+01   0.1706267E-02  -0.7580831E-01  -0.3036394E-01  -0.8100435E-01 
   0.2129259E+01   0.1759811E-01  -0.6262795E-01  -0.7486876E-01  -0.7720512E-01 
   0.2230652E+01   0.1420406E-01   0.2341233E-01  -0.3425350E-01  -0.4543309E-03 
   0.2332046E+01  -0.1197805E-01   0.5350911E-01   0.1191909E-01   0.3992751E-01 
   0.2433439E+01  -0.2677910E-01   0.3737917E-01   0.6612167E-01   0.9023223E-01 
   0.2534832E+01  -0.1919669E-01   0.3668320E-01   0.1110911E+00  -0.1699026E-01 
   0.2636226E+01  -0.3738089E-02  -0.1463380E+00  -0.8077196E-01  -0.8741616E-01 
   0.2737619E+01   0.1156791E-01   0.6815195E-01  -0.8341049E-02   0.1131754E+00 
   0.2839012E+01   0.5038956E-02   0.1467954E+00   0.1301644E+00   0.1306159E+00 
   0.2940405E+01   0.8425818E-03  -0.1497519E+00  -0.1402787E+00  -0.1777603E+00 
   0.3041799E+01   0.5899321E-01  -0.7806240E-01  -0.1732427E+00  -0.8757229E-01 
   0.3143192E+01   0.5667367E-01   0.9934392E-01   0.9969501E-01   0.7625135E-01 
   0.3244585E+01  -0.4710342E-01   0.3584386E-01   0.1335056E+00   0.6284714E-01 
   0.3345979E+01  -0.8683640E-01  -0.1932921E+00  -0.1263653E+00  -0.1232575E+00 
   0.3447372E+01  -0.1977813E-02   0.1331437E+00   0.1788349E-01   0.9951879E-01 
   0.3548765E+01   0.5602156E-02   0.4426079E-01   0.8447978E-01   0.5576858E-01 
   0.3650159E+01  -0.3754514E-01   0.5860465E-02   0.2709798E-01   0.4994862E-01 
   0.3751552E+01  -0.5418335E-02   0.2844427E-01  -0.1721466E-01  -0.9126790E-02 
   0.3852945E+01   0.5013739E-01   0.1300546E+00   0.4730139E-01   0.3073483E-01 
   0.3954338E+01   0.2932759E-01  -0.1306442E+00  -0.1095789E+00  -0.1137751E+00 
   0.4055732E+01   0.3355091E-01  -0.7886474E-01  -0.1047851E+00  -0.5755840E-01 
   0.4157125E+01   0.5080027E-01  -0.8376224E-02   0.2656713E-01  -0.1310523E-01 
   0.4258518E+01  -0.7613094E-03  -0.1335128E-01   0.6331569E-01   0.3998267E-01 
   0.4359912E+01  -0.6873551E-01  -0.2191373E-01   0.8729585E-02  -0.1413323E-01 
   0.4461305E+01  -0.5273898E-01   0.1005517E+00   0.2766159E-01   0.5923914E-01 
   0.4562698E+01  -0.1905683E-01   0.1004484E-01   0.1864138E-01   0.4279625E-01 
   0.4664091E+01  -0.4271975E-02   0.1110592E+00   0.1086898E+00   0.1228955E+00 
   0.4765485E+01   0.7828781E-02   0.2009976E-01   0.5866366E-01  -0.7970768E-02 
   0.4866878E+01   0.3810906E-01  -0.9809221E-01  -0.1448762E+00  -0.1414003E+00 
   0.4968271E+01   0.4732849E-01  -0.1046128E+00  -0.1551363E+00  -0.6209829E-01 
   0.5069665E+01   0.1585144E-01   0.8394373E-01   0.8582660E-01   0.7537231E-01 
   0.5171058E+01  -0.2045352E-01  -0.3008764E-01   0.5954254E-01   0.1928700E-01 
   0.5272451E+01   0.2659834E-02  -0.1056271E+00  -0.1005681E+00  -0.1134098E+00 
   0.5373845E+01   0.9846408E-02   0.3303132E-01   0.1871901E-02   0.1663372E-01 
   0.5475238E+01  -0.4538386E-01   0.1099300E+00   0.9986904E-01   0.1142050E+00 
   0.5576631E+01  -0.7806002E-01   0.4299891E-02   0.3444956E-01   0.3075848E-01 
   0.5678024E+01   0.4316274E-03  -0.9262485E-01  -0.1444916E+00  -0.1058123E+00 
   0.5779418E+01   0.6755366E-01   0.5684462E-01   0.3047655E-01   0.2563264E-01 
   0.5880811E+01   0.2681894E-01   0.4456334E-01   0.7852209E-01   0.4745262E-01 
   0.5982204E+01  -0.3162946E-01   0.9889488E-02   0.4563775E-01   0.5091499E-01 
   0.6083598E+01  -0.8952848E-02  -0.1740344E-01  -0.2313291E-01  -0.3626470E-02 
   0.6184991E+01   0.2530785E-01  -0.2689562E-02  -0.1290250E-01  -0.4498221E-01 
   0.6286384E+01   0.3049716E-01  -0.1068974E+00  -0.1441746E+00  -0.1057887E+00 
   0.6387777E+01   0.2076189E-01   0.6335582E-01   0.8609113E-01   0.5603441E-01 
   0.6489171E+01  -0.2703234E-02   0.7977699E-01   0.1150174E+00   0.8293799E-01 
   0.6590564E+01  -0.2428976E-01   0.5265692E-01   0.4023645E-01   0.2239138E-01 
   0.6691957E+01  -0.2782817E-02  -0.4146305E-01  -0.1267984E+00  -0.4801249E-01 
   0.6793351E+01   0.1442849E-01   0.6994599E-02   0.2741908E-01   0.9386502E-02 
   0.6894744E+01  -0.8821087E-02  -0.1114678E+00  -0.3810536E-01  -0.5803137E-01 
   0.6996137E+01  -0.2832763E-01   0.3649864E-01   0.2864520E-01   0.1455690E-01 
   0.7097531E+01  -0.1966696E-01   0.3075558E-01   0.1531052E-01   0.3320090E-01 
   0.7198924E+01  -0.1499705E-01  -0.7061866E-02   0.6402591E-02   0.1618701E-01 
   0.7300317E+01  -0.3479935E-02  -0.5349589E-01  -0.5302158E-01  -0.3377658E-01 
   0.7401710E+01   0.1510623E-01   0.4403256E-01   0.1647983E-01  -0.2411157E-02 
   0.7503104E+01   0.1481003E-01  -0.1256641E-01   0.8206817E-02  -0.2224358E-03 
   0.7604497E+01  -0.7004408E-02   0.5757834E-02   0.1964566E-01   0.1241558E-01 
   0.7705890E+01  -0.2911944E-02   0.1435684E-01  -0.1442300E-01   0.3357965E-02 
   0.7807284E+01   0.2386757E-01  -0.4413332E-02  -0.4161303E-02   0.1538607E-01 
   0.7908677E+01   0.2698164E-01  -0.9212967E-01  -0.6935429E-01  -0.6946902E-01 
   0.8010070E+01   0.6961325E-02   0.5919659E-01   0.5429048E-01   0.3741856E-01 
   0.8111463E+01  -0.1529460E-01   0.4987645E-01   0.7311305E-01   0.6246129E-01 
   0.8212857E+01  -0.1743115E-01   0.3455942E-01   0.4063986E-01   0.3189861E-01 
   0.8314250E+01   0.7495341E-02  -0.8256067E-01  -0.1126038E+00  -0.6681410E-01 
   0.8415643E+01   0.3308678E-01   0.5684131E-01  -0.1033825E-01   0.3567610E-02 
   0.8517037E+01   0.8928568E-02  -0.2066323E-01   0.1878991E-01  -0.1830400E-01 
   0.8618430E+01  -0.3338548E-01  -0.6652828E-01  -0.3265970E-01  -0.4949020E-01 
   0.8719823E+01  -0.3495567E-01  -0.1088012E-01  -0.1192760E-01   0.2820752E-01 
   0.8821216E+01  -0.1496720E-01   0.1018306E+00   0.1011460E+00   0.9505153E-01 
   0.8922610E+01  -0.1436438E-01  -0.4579487E-01  -0.3050387E-01  -0.6418293E-01 
   0.9024003E+01   0.1138706E-02  -0.1265974E-02  -0.7244520E-01  -0.3467168E-01 
   0.9125396E+01   0.2136839E-01   0.1008824E+00   0.8875542E-01   0.8697808E-01 
   0.9226790E+01   0.9075006E-02  -0.2756647E-01   0.3332826E-01   0.1122917E-01 
   0.9328183E+01   0.1108294E-01  -0.1617902E+00  -0.1391639E+00  -0.1448174E+00 
   0.9429576E+01   0.3907864E-01   0.4444970E-01  -0.2567382E-01  -0.1869874E-01 
   0.9530970E+01   0.5340021E-02   0.7002463E-01   0.9270957E-01   0.8362766E-01 
   0.9632363E+01  -0.5875124E-01   0.5109419E-01   0.6975342E-01   0.5939823E-01 
   0.9733756E+01  -0.4676819E-01  -0.4061107E-01  -0.4649183E-01  -0.5521218E-01 
   0.9835149E+01   0.2757018E-01   0.7701193E-01  -0.1042601E-02   0.4250433E-01 
   0.9936543E+01   0.4671125E-01   0.7320675E-01   0.7802505E-01   0.8358301E-01 
