   0.0000000E+00   0.0000000E+00 
   0.1013933E+00   0.5568452E-08 
   0.2027866E+00  -0.5021333E-07 
   0.3041799E+00  -0.8468217E-05 
   0.4055732E+00  -0.1346270E-04 
   0.5069665E+00   0.1199113E-04 
   0.6083598E+00   0.2272975E-04 
   0.7097531E+00   0.1674561E-05 
   0.8111463E+00  -0.5907834E-05 
   0.9125396E+00  -0.5197204E-05 
   0.1013933E+01   0.3347937E-05 
   0.1115326E+01   0.3085442E-04 
   0.1216720E+01   0.1978583E-04 
   0.1318113E+01  -0.2326635E-04 
   0.1419506E+01  -0.5050871E-04 
   0.1520899E+01  -0.1346319E-03 
   0.1622293E+01   0.1249594E-03 
   0.1723686E+01   0.3568729E-03 
   0.1825079E+01  -0.9862132E-04 
   0.1926473E+01  -0.6155462E-03 
   0.2027866E+01  -0.5112806E-03 
   0.2129259E+01   0.5522296E-03 
   0.2230652E+01   0.1190198E-02 
   0.2332046E+01   0.6144519E-03 
   0.2433439E+01  -0.7690747E-03 
   0.2534832E+01  -0.2719364E-02 
   0.2636226E+01  -0.2010974E-02 
   0.2737619E+01  -0.1290525E-02 
   0.2839012E+01  -0.2097173E-02 
   0.2940405E+01  -0.1641917E-02 
   0.3041799E+01   0.1269060E-03 
   0.3143192E+01   0.8636241E-04 
   0.3244585E+01  -0.1015914E-02 
   0.3345979E+01  -0.7711472E-03 
   0.3447372E+01  -0.7087152E-03 
   0.3548765E+01  -0.1440575E-02 
   0.3650159E+01  -0.1617054E-02 
   0.3751552E+01  -0.1376644E-02 
   0.3852945E+01  -0.1470665E-02 
   0.3954338E+01  -0.8566263E-03 
   0.4055732E+01   0.4715978E-04 
   0.4157125E+01  -0.1742199E-03 
   0.4258518E+01  -0.5677669E-03 
   0.4359912E+01  -0.1120949E-02 
   0.4461305E+01  -0.1181694E-02 
   0.4562698E+01  -0.8723688E-03 
   0.4664091E+01  -0.1470915E-02 
   0.4765485E+01  -0.2200836E-02 
   0.4866878E+01  -0.1245275E-02 
   0.4968271E+01   0.1850403E-03 
   0.5069665E+01  -0.1588159E-03 
   0.5171058E+01  -0.1075047E-02 
   0.5272451E+01  -0.1199056E-02 
   0.5373845E+01  -0.8661272E-03 
   0.5475238E+01  -0.8714344E-03 
   0.5576631E+01  -0.1000729E-02 
   0.5678024E+01  -0.7065925E-03 
   0.5779418E+01  -0.6410083E-03 
   0.5880811E+01  -0.8008592E-03 
   0.5982204E+01  -0.1031085E-02 
   0.6083598E+01  -0.1264103E-02 
   0.6184991E+01  -0.1090332E-02 
   0.6286384E+01  -0.2704743E-03 
   0.6387777E+01  -0.4997839E-03 
   0.6489171E+01  -0.1060605E-02 
   0.6590564E+01  -0.1102610E-02 
   0.6691957E+01  -0.5707383E-03 
   0.6793351E+01  -0.6725948E-03 
   0.6894744E+01  -0.6464509E-03 
   0.6996137E+01  -0.7198718E-03 
   0.7097531E+01  -0.9501121E-03 
   0.7198924E+01  -0.9987913E-03 
   0.7300317E+01  -0.7603263E-03 
   0.7401710E+01  -0.6030756E-03 
   0.7503104E+01  -0.6301911E-03 
   0.7604497E+01  -0.8141423E-03 
   0.7705890E+01  -0.6536204E-03 
   0.7807284E+01  -0.7237721E-03 
   0.7908677E+01  -0.7250223E-03 
   0.8010070E+01  -0.5812436E-03 
   0.8111463E+01  -0.8460721E-03 
   0.8212857E+01  -0.1282286E-02 
   0.8314250E+01  -0.8837961E-03 
   0.8415643E+01  -0.6493901E-03 
   0.8517037E+01  -0.6752465E-03 
   0.8618430E+01  -0.5617154E-03 
   0.8719823E+01  -0.6961838E-03 
   0.8821216E+01  -0.1532539E-02 
   0.8922610E+01  -0.1670507E-02 
   0.9024003E+01  -0.8246522E-03 
   0.9125396E+01  -0.8619777E-03 
   0.9226790E+01  -0.1287040E-02 
   0.9328183E+01  -0.1307794E-02 
   0.9429576E+01  -0.6173008E-03 
   0.9530970E+01  -0.4518651E-04 
   0.9632363E+01  -0.9082872E-03 
   0.9733756E+01  -0.1385125E-02 
   0.9835149E+01  -0.8791113E-03 
   0.9936543E+01  -0.1264587E-02 
