   0.0000000E+00   0.0000000E+00   0.0000000E+00   0.0000000E+00   0.0000000E+00 
   0.1013933E+00   0.1135641E-03   0.3030159E-03   0.2526135E-03   0.9186536E-03 
   0.2027866E+00   0.8694725E-03   0.7770400E-03  -0.1468456E-03  -0.6511659E-02 
   0.3041799E+00   0.5028738E-02  -0.3395746E-05   0.8252841E-04   0.4709015E-03 
   0.4055732E+00   0.1832435E-02   0.4970924E-02   0.8146669E-02   0.1338502E-01 
   0.5069665E+00  -0.5717746E-02  -0.8273498E-02   0.8533388E-03   0.2362750E-02 
   0.6083598E+00  -0.3875576E-03  -0.9253900E-02  -0.6589786E-02  -0.6929046E-02 
   0.7097531E+00  -0.6212736E-03  -0.1389089E-01  -0.1006317E-01  -0.1053192E-01 
   0.8111463E+00   0.3260713E-02   0.3120892E-02  -0.2930548E-03   0.1129516E-02 
   0.9125396E+00   0.4714648E-03  -0.6499047E-02  -0.7728903E-02  -0.3635628E-02 
   0.1013933E+01   0.1831478E-02  -0.6492157E-02  -0.2640972E-02  -0.3596577E-02 
   0.1115326E+01   0.2023683E-02   0.3660904E-02   0.5279792E-02   0.6732558E-02 
   0.1216720E+01   0.3842119E-02   0.1932449E-02   0.5504816E-02   0.3135106E-02 
   0.1318113E+01  -0.7912733E-02  -0.1219229E-01  -0.9303663E-02   0.8639700E-03 
   0.1419506E+01  -0.7464592E-02  -0.1901959E-01  -0.2205710E-01  -0.2626157E-01 
   0.1520899E+01  -0.8320681E-02  -0.3337956E-01  -0.3382597E-01  -0.6347438E-01 
   0.1622293E+01  -0.2205775E-02   0.1815449E-01   0.1248585E-01   0.1149242E-02 
   0.1723686E+01   0.4160187E-01   0.1171226E+00   0.9380786E-01   0.1093207E+00 
   0.1825079E+01   0.3408739E-01   0.3924976E-01   0.7799751E-01   0.9924267E-01 
   0.1926473E+01   0.4335568E-01   0.4310394E-01   0.6030457E-01   0.7053359E-01 
   0.2027866E+01  -0.4542230E-01  -0.1218646E-01  -0.2291875E-01   0.2114659E+00 
   0.2129259E+01  -0.9977766E-01  -0.2678858E+00  -0.1951089E+00  -0.1656653E+00 
   0.2230652E+01   0.3470794E-01  -0.1657611E+00  -0.2293444E+00  -0.2237523E+00 
   0.2332046E+01   0.1726387E-01  -0.8686515E-01  -0.6370859E-01  -0.1492030E-01 
   0.2433439E+01   0.1076882E+00   0.2165377E+00   0.1939806E+00   0.2624191E+00 
   0.2534832E+01  -0.1844944E+00  -0.3182238E+00  -0.3387205E+00  -0.3239510E+00 
   0.2636226E+01   0.9864115E-01   0.1285816E+00  -0.1196536E+00  -0.4538823E+00 
   0.2737619E+01   0.6352658E+00   0.8643845E+00   0.4311799E+00   0.5005152E+00 
   0.2839012E+01  -0.1257732E+00   0.1751397E+00   0.5098573E+00   0.6609383E+00 
   0.2940405E+01  -0.4474728E+00  -0.2462947E+00  -0.1256356E-01   0.3316026E+00 
   0.3041799E+01  -0.1172489E-01  -0.3523989E+00  -0.3088514E+00  -0.3924693E+00 
   0.3143192E+01   0.1645069E+00  -0.1998907E+00  -0.2648824E+00  -0.4328286E+00 
   0.3244585E+01  -0.1963552E+00  -0.2701178E+00  -0.3693973E+00  -0.4049751E+00 
   0.3345979E+01   0.1709509E+00   0.2349943E+00  -0.1917835E-01   0.1059747E+00 
   0.3447372E+01   0.1882953E+00   0.6924189E-01   0.2854739E+00   0.1116856E+00 
   0.3548765E+01  -0.6722908E-01   0.2239722E+00   0.3477426E+00   0.4470250E-01 
   0.3650159E+01   0.1156130E+00   0.3458913E+00   0.2078542E+00   0.1122434E+00 
   0.3751552E+01   0.1730921E+00   0.4606062E+00   0.4205465E+00   0.5608283E+00 
   0.3852945E+01  -0.3873997E+00  -0.6413797E+00  -0.8357743E-01   0.1849761E+00 
   0.3954338E+01  -0.2737554E+00  -0.5528078E+00  -0.4039161E+00  -0.2339245E+00 
   0.4055732E+01   0.7116577E-01  -0.4741251E+00  -0.3972018E+00  -0.5337914E+00 
   0.4157125E+01   0.5888457E-01  -0.3011081E+00  -0.1634561E+00  -0.9952121E-01 
   0.4258518E+01   0.1327466E+00   0.1001585E+00  -0.3672115E-01  -0.1860028E-01 
   0.4359912E+01   0.1103417E+00   0.1501767E+00  -0.1372044E+00   0.1771395E+00 
   0.4461305E+01   0.4054435E-01  -0.1127631E+00   0.4553178E-01   0.3301002E-01 
   0.4562698E+01   0.4376085E-01   0.1271662E+00  -0.1425530E-02  -0.1081035E+00 
   0.4664091E+01   0.9114419E-01  -0.1135101E+00  -0.2592659E+00  -0.4097725E+00 
   0.4765485E+01   0.9055098E-01  -0.7116444E-01   0.1842988E-01  -0.9404495E-01 
   0.4866878E+01   0.8780061E-01   0.2458508E+00   0.5079615E+00   0.6034235E+00 
   0.4968271E+01   0.3913729E-01   0.1961821E+00   0.3349696E+00   0.3522910E+00 
   0.5069665E+01  -0.2383850E+00  -0.5763913E+00  -0.4733784E+00  -0.3685956E+00 
   0.5171058E+01  -0.1043025E+00  -0.7126936E+00  -0.5571995E+00  -0.7583229E+00 
   0.5272451E+01   0.4219850E+00   0.5080613E+00   0.2550646E+00   0.1820645E+00 
   0.5373845E+01  -0.1412627E+00  -0.2414265E+00   0.6790057E-01   0.2024870E+00 
   0.5475238E+01   0.3762147E-01  -0.2273045E+00   0.1229521E+00   0.4881187E-02 
   0.5576631E+01  -0.4683425E-01  -0.2873413E+00  -0.1303365E+00  -0.2017535E+00 
   0.5678024E+01   0.3595308E-01   0.2419726E+00   0.1602919E+00   0.2612700E+00 
   0.5779418E+01  -0.2463460E+00  -0.9553623E+00  -0.7143060E+00  -0.6209453E+00 
   0.5880811E+01   0.1959682E+00  -0.2794381E+00  -0.3359422E+00  -0.2392712E+00 
   0.5982204E+01   0.1079653E+00  -0.1651132E+00   0.5145560E-01  -0.1016444E+00 
   0.6083598E+01   0.2683517E+00   0.4104123E+00   0.3205090E+00   0.2716009E+00 
   0.6184991E+01  -0.2447483E+00  -0.4861715E+00  -0.2823846E+00  -0.1370851E+00 
   0.6286384E+01   0.2297392E+00   0.7115655E+00   0.4670822E+00   0.4115606E+00 
   0.6387777E+01  -0.2511416E+00  -0.5152740E+00  -0.2853063E+00  -0.2061933E+00 
   0.6489171E+01  -0.1470818E+00  -0.5885931E+00  -0.5659906E+00  -0.4365631E+00 
   0.6590564E+01   0.7108178E-01  -0.9410903E+00  -0.7918580E+00  -0.6517458E+00 
   0.6691957E+01   0.5637504E+00   0.9241984E+00   0.4064425E+00   0.2139108E+00 
   0.6793351E+01   0.3307605E-01   0.4733174E+00   0.2245803E+00   0.2108780E+00 
   0.6894744E+01  -0.9171224E-02   0.7986538E+00   0.4884467E+00   0.4000615E+00 
   0.6996137E+01  -0.1632480E+00  -0.1956196E+00   0.4269339E-01  -0.3224462E-01 
   0.7097531E+01   0.1914799E-01   0.2893104E+00   0.9013731E-01   0.3055472E-01 
   0.7198924E+01  -0.1486278E+00  -0.2309461E+00  -0.1977508E+00  -0.1660023E+00 
   0.7300317E+01   0.1074222E+00   0.5962156E-01   0.5768951E-01   0.7030051E-01 
   0.7401710E+01  -0.3516912E-01  -0.2939839E+00  -0.3698722E-01   0.8494962E-01 
   0.7503104E+01   0.7927272E-01   0.2721135E+00   0.1846432E+00   0.1267478E+00 
   0.7604497E+01  -0.1813796E+00  -0.2390659E+00  -0.2217690E+00  -0.2867302E+00 
   0.7705890E+01   0.6573686E-01  -0.1236364E+00  -0.1151781E+00  -0.1320384E+00 
   0.7807284E+01  -0.2758705E-01   0.1042689E+00  -0.1009282E-01  -0.8532930E-01 
   0.7908677E+01  -0.3758558E-01   0.1716500E+00   0.1060989E+00   0.8609042E-01 
   0.8010070E+01  -0.1032475E+00  -0.4653066E+00  -0.1428191E+00  -0.1711738E+00 
   0.8111463E+01   0.2105803E+00   0.3220757E+00   0.2325415E+00   0.1290638E+00 
   0.8212857E+01  -0.1175300E+00  -0.2020046E+00  -0.7942247E-01  -0.1212917E+00 
   0.8314250E+01   0.3786464E-01   0.1421631E+00   0.5511464E-01   0.9035393E-01 
   0.8415643E+01   0.3304779E-02  -0.1944683E+00  -0.5726501E-01   0.1777576E-01 
   0.8517037E+01  -0.3185543E-01   0.2061873E-01   0.1418555E-01   0.4238590E-01 
   0.8618430E+01  -0.7548592E-01  -0.1509846E-01  -0.4785452E-01  -0.9535673E-02 
   0.8719823E+01   0.1333551E+00   0.1808109E+00   0.1154030E+00   0.4902039E-01 
   0.8821216E+01  -0.5814344E-02  -0.3197433E+00  -0.1598478E+00  -0.1863056E+00 
   0.8922610E+01   0.5099201E-01  -0.1098272E-01  -0.5537428E-01   0.2258669E+00 
   0.9024003E+01   0.7651912E-01   0.1388640E+00   0.1336061E+00   0.1422957E+00 
   0.9125396E+01   0.4955854E-01  -0.1579783E+00  -0.1548479E+00  -0.1014243E+00 
   0.9226790E+01  -0.1790953E+00  -0.6584096E-01  -0.3878999E-01   0.2922366E-01 
   0.9328183E+01  -0.8157782E-01  -0.1891697E+00  -0.2462563E+00  -0.3038386E+00 
   0.9429576E+01   0.1102413E+00  -0.3609592E+00  -0.3817377E+00  -0.3652492E+00 
   0.9530970E+01   0.3419503E+00   0.2906477E+00   0.1161039E+00   0.2266006E+00 
   0.9632363E+01   0.9490394E-02   0.2245939E+00   0.1929005E+00   0.2962233E+00 
   0.9733756E+01  -0.1531268E-01   0.1713373E-01   0.4070195E-01   0.1930482E+00 
   0.9835149E+01   0.1054997E+00  -0.3226539E+00  -0.1662143E+00  -0.9320799E-01 
   0.9936543E+01   0.2775951E+00   0.6014586E+00   0.3245553E+00   0.5561402E+00 
