   0.0000000E+00   0.0000000E+00   0.0000000E+00   0.0000000E+00   0.0000000E+00 
   0.1013933E+00  -0.7759707E-04  -0.1162971E-02   0.8801480E-03   0.4227686E-03 
   0.2027866E+00  -0.7955145E-02  -0.1158324E-01  -0.1733403E-01  -0.1293520E-01 
   0.3041799E+00   0.2415961E-01  -0.2674676E-01   0.4820574E-02  -0.4828890E-02 
   0.4055732E+00   0.1339991E-01   0.7338641E-01   0.4773409E-01   0.3446164E-01 
   0.5069665E+00   0.2040702E-02   0.5930514E-01   0.1908375E-01   0.2052363E-01 
   0.6083598E+00  -0.1243383E-01   0.4157884E-02  -0.7253529E-02  -0.5159511E-02 
   0.7097531E+00   0.9114744E-04  -0.3907607E-01  -0.2109597E-01  -0.1711913E-01 
   0.8111463E+00   0.3278051E-02   0.4030560E-01   0.1817145E-01   0.1613463E-01 
   0.9125396E+00   0.1174296E-02  -0.2017849E-01  -0.1582140E-02  -0.9438788E-03 
   0.1013933E+01  -0.7613168E-02  -0.3691154E-01  -0.1622471E-01  -0.1588219E-01 
   0.1115326E+01   0.1429362E-02   0.1353309E-01   0.1538231E-01   0.7555373E-02 
   0.1216720E+01   0.2735682E-01   0.4538753E-01   0.2337528E-01   0.1590178E-01 
   0.1318113E+01  -0.2588230E-01   0.6735889E-01   0.1924011E-01   0.2663653E-01 
   0.1419506E+01   0.7158520E-01   0.1566991E+00   0.9265607E-01   0.9156129E-01 
   0.1520899E+01  -0.1516807E+00  -0.5526751E+00  -0.2927975E+00  -0.2638652E+00 
   0.1622293E+01  -0.1941916E-01  -0.2181218E+00  -0.9453396E-01  -0.1411214E+00 
   0.1723686E+01   0.1336054E+00   0.5995613E+00   0.3173053E+00   0.2817496E+00 
   0.1825079E+01  -0.1416968E+00  -0.2477054E+00  -0.1550170E+00  -0.4867057E-01 
   0.1926473E+01   0.4887162E+00   0.4376091E+00   0.3254307E+00   0.1912859E+00 
   0.2027866E+01  -0.5143713E-02   0.1315759E+01   0.6475878E+00   0.7369589E+00 
   0.2129259E+01  -0.2731480E+00  -0.1032025E+00  -0.3230812E+00  -0.7876605E-01 
   0.2230652E+01  -0.4885444E+00  -0.8356629E+00  -0.5929434E+00  -0.4638484E+00 
   0.2332046E+01  -0.4157763E-01  -0.7830723E+00  -0.1675206E+00  -0.2748138E+00 
   0.2433439E+01   0.9599904E+00   0.3601719E+01   0.1690230E+01   0.1782036E+01 
   0.2534832E+01  -0.1450058E+01  -0.2927295E+01  -0.2031935E+01  -0.1406122E+01 
   0.2636226E+01  -0.5246006E+00  -0.1764198E+01  -0.1432871E+01  -0.9288872E+00 
   0.2737619E+01   0.9423795E+00  -0.3756668E+01   0.1176431E+00  -0.8546873E+00 
   0.2839012E+01   0.1383562E+01   0.5772425E+01   0.2818243E+01   0.2503543E+01 
   0.2940405E+01  -0.9555748E+00   0.1451467E+01   0.1553528E+00   0.5218051E+00 
   0.3041799E+01  -0.3472143E+00   0.4975456E+00  -0.3960029E+00  -0.5127775E-01 
   0.3143192E+01  -0.9699457E-02  -0.3035464E+01  -0.1202206E+01  -0.1143324E+01 
   0.3244585E+01  -0.6529931E-01   0.1204943E+01   0.1996668E+00   0.2323631E+00 
   0.3345979E+01  -0.3988171E+00  -0.2508046E+01  -0.3988379E+00  -0.6955089E+00 
   0.3447372E+01   0.5864497E+00   0.1199451E+01   0.6403547E+00   0.4306631E+00 
   0.3548765E+01  -0.2952881E+00  -0.5454210E+00  -0.4894983E+00  -0.3246246E+00 
   0.3650159E+01   0.3474869E+00  -0.1303202E+01  -0.2150083E+00  -0.6279925E+00 
   0.3751552E+01   0.1231527E+01   0.2215697E+01   0.2116557E+01   0.1191615E+01 
   0.3852945E+01   0.3096626E+00   0.3816903E+01   0.1387336E+01   0.1551759E+01 
   0.3954338E+01  -0.7826589E+00  -0.3902023E+00  -0.4254046E+00  -0.3039852E+00 
   0.4055732E+01  -0.1678440E+00  -0.2298851E+00  -0.7081284E+00  -0.4226521E+00 
   0.4157125E+01  -0.3370691E+00  -0.1566277E+01  -0.4719667E+00  -0.4458542E+00 
   0.4258518E+01   0.2875166E+00   0.1557699E+01   0.3247832E+00   0.5353685E+00 
   0.4359912E+01  -0.2329210E+00  -0.8595369E+00  -0.1232453E+00   0.3175118E-01 
   0.4461305E+01   0.6669739E-01  -0.2015877E+00  -0.1197971E+00   0.5618070E-01 
   0.4562698E+01  -0.1303377E+00   0.7436385E+00   0.1480996E+00   0.4361993E+00 
   0.4664091E+01   0.4115321E-02  -0.2350376E+01  -0.7616351E+00  -0.8699027E+00 
   0.4765485E+01   0.4807501E+00  -0.1660797E+01   0.7623334E-01  -0.6310455E+00 
   0.4866878E+01   0.2151852E+00   0.1925520E+01   0.1122353E+01   0.7721111E+00 
   0.4968271E+01   0.8460298E+00   0.3225267E+01   0.1441574E+01   0.1116422E+01 
   0.5069665E+01  -0.5453867E+00   0.1629129E+01   0.1558612E+00   0.5651770E+00 
   0.5171058E+01   0.5912888E-01  -0.3871778E+01  -0.1399645E+01  -0.1386674E+01 
   0.5272451E+01   0.4369736E+00   0.8349053E+00   0.9917960E+00   0.2039097E+00 
   0.5373845E+01   0.7449017E+00   0.2561387E+01   0.1683062E+01   0.1244121E+01 
   0.5475238E+01  -0.6481598E+00  -0.3796686E+00  -0.4593157E+00  -0.4841450E+00 
   0.5576631E+01   0.6397322E+00  -0.1180804E+00  -0.1342892E-01  -0.2032342E+00 
   0.5678024E+01  -0.8804957E-01   0.1945328E+01   0.8400972E+00   0.8682358E+00 
   0.5779418E+01   0.2623635E+00  -0.3712323E+00  -0.2975774E+00  -0.1735262E+00 
   0.5880811E+01  -0.6678091E+00  -0.9076481E+00  -0.4447015E+00  -0.3828727E+00 
   0.5982204E+01   0.7000592E+00  -0.1226293E+01  -0.9611040E-01  -0.2990498E+00 
   0.6083598E+01   0.8128534E-01   0.1733064E+01   0.8856323E+00   0.6428858E+00 
   0.6184991E+01   0.1417712E+00   0.4084645E-02   0.6907745E-01   0.1412881E+00 
   0.6286384E+01  -0.2530375E-01   0.1120075E+01   0.4332965E+00   0.4206952E+00 
   0.6387777E+01   0.2289251E+00   0.5059017E+00  -0.1285599E+00   0.2062268E+00 
   0.6489171E+01  -0.5673463E+00  -0.4606325E-01  -0.4400899E+00  -0.1491492E+00 
   0.6590564E+01  -0.2452409E+00  -0.2272714E+01  -0.9628522E+00  -0.8384681E+00 
   0.6691957E+01  -0.1366934E+00  -0.1001260E+01  -0.2475792E+00  -0.2611998E+00 
   0.6793351E+01   0.3204552E+00  -0.4802461E+00   0.4221360E-01  -0.6346011E-01 
   0.6894744E+01   0.4602253E-01   0.7552533E+00   0.4680800E+00   0.3298589E+00 
   0.6996137E+01   0.2267312E+00   0.8018174E-01  -0.1559431E-01  -0.3894907E-01 
   0.7097531E+01  -0.1620895E+00   0.4962647E+00   0.7006635E-02   0.5259174E-01 
   0.7198924E+01   0.2005955E+00  -0.8576806E+00  -0.2282776E+00  -0.3443931E+00 
   0.7300317E+01   0.1205105E+00   0.3797389E+00   0.3993239E+00   0.1069655E+00 
   0.7401710E+01   0.2659408E+00   0.1272864E+01   0.6738707E+00   0.6036896E+00 
   0.7503104E+01  -0.2266062E+00   0.2736699E-01  -0.6782071E-01  -0.5693182E-01 
   0.7604497E+01  -0.7524984E-01  -0.1158542E+00  -0.3100788E+00  -0.2465085E+00 
   0.7705890E+01  -0.1365268E+00  -0.6442000E+00  -0.1582160E+00  -0.2507150E+00 
   0.7807284E+01   0.2500320E+00  -0.2758719E+00  -0.5466613E-01  -0.1839592E+00 
   0.7908677E+01  -0.9385645E-01   0.3480803E-01   0.1135319E+00  -0.3159773E-01 
   0.8010070E+01   0.1525047E+00   0.1208686E+00   0.2728818E-01   0.1510784E-02 
   0.8111463E+01   0.1067230E+00  -0.1552433E+00   0.4880874E-01  -0.8763115E-01 
   0.8212857E+01  -0.6784204E-02  -0.1163562E+00  -0.2237135E+00  -0.1835374E+00 
   0.8314250E+01   0.2044479E+00   0.2341351E+00   0.3819127E+00   0.1503986E+00 
   0.8415643E+01   0.1961475E+00   0.7466214E+00   0.3520004E+00   0.2881697E+00 
   0.8517037E+01  -0.1411749E+00  -0.7342431E-01  -0.6025829E-01  -0.4626039E-01 
   0.8618430E+01  -0.4248028E-01   0.4968948E+00   0.1330721E+00   0.1060233E+00 
   0.8719823E+01  -0.3045426E-01  -0.1115970E+00  -0.4365640E-01   0.2718175E-01 
   0.8821216E+01   0.3824210E+00  -0.4920864E-01  -0.8329011E-02  -0.9758002E-01 
   0.8922610E+01  -0.9010913E-01   0.5641602E+00   0.5879871E+00   0.4596926E+00 
   0.9024003E+01   0.7251567E-01   0.1010200E+01   0.3136404E+00   0.4268011E+00 
   0.9125396E+01  -0.2622045E+00  -0.4479871E+00  -0.3070760E+00  -0.2467720E+00 
   0.9226790E+01   0.2962222E+00   0.1623726E+01   0.5598664E+00   0.8437701E+00 
   0.9328183E+01  -0.8663329E+00  -0.7824835E+00  -0.1042939E+01  -0.5383231E+00 
   0.9429576E+01  -0.5376222E+00  -0.2839448E+01  -0.1562901E+01  -0.1218292E+01 
   0.9530970E+01   0.5362397E+00   0.1986056E+00   0.7319917E+00   0.4829569E+00 
   0.9632363E+01   0.4586341E+00   0.9779366E+00   0.5005954E+00   0.6988694E+00 
   0.9733756E+01  -0.8170462E+00  -0.3694435E+00  -0.3339127E+00  -0.7237374E-01 
   0.9835149E+01   0.5904089E+00   0.1437393E+00   0.2509018E+00   0.5405334E-01 
   0.9936543E+01   0.3243802E+00   0.2457557E+01   0.1432785E+01   0.1424672E+01 
