   0.0000000E+00   0.0000000E+00   0.0000000E+00   0.0000000E+00   0.0000000E+00 
   0.1013933E+00   0.5012974E+01   0.5443804E+01  -0.6778094E+00   0.1072984E+02 
   0.2027866E+00  -0.1716430E+03   0.1923459E+03  -0.3204687E+02   0.1177401E+03 
   0.3041799E+00  -0.5815184E+04  -0.2867965E+04  -0.1442895E+04  -0.3887783E+04 
   0.4055732E+00  -0.2970406E+05   0.4725691E+03  -0.2954728E+01  -0.3644975E+03 
   0.5069665E+00  -0.1538421E+05   0.3424873E+04   0.1943552E+04   0.4422839E+04 
   0.6083598E+00  -0.1198895E+05   0.1439431E+04   0.9536223E+03   0.2545967E+04 
   0.7097531E+00  -0.7747140E+04  -0.2445166E+04  -0.9714850E+03  -0.2032415E+04 
   0.8111463E+00   0.4856244E+04   0.1835701E+03  -0.3238021E+02  -0.2812904E+03 
   0.9125396E+00   0.1309276E+05  -0.6518961E+03  -0.3875945E+03  -0.1117714E+04 
   0.1013933E+01   0.1761382E+05   0.9130059E+03   0.5520251E+03   0.1252888E+04 
   0.1115326E+01   0.7199483E+05   0.4820544E+04   0.3300692E+04   0.7959116E+04 
   0.1216720E+01   0.9865696E+05  -0.1895519E+04  -0.2481483E+03  -0.7849057E+03 
   0.1318113E+01   0.7433651E+05  -0.4282872E+03  -0.8548716E+03  -0.1113311E+04 
   0.1419506E+01   0.9693221E+05  -0.3405566E+04  -0.3774128E+04  -0.8424309E+04 
   0.1520899E+01  -0.2113763E+06  -0.2006836E+05  -0.1183880E+05  -0.2892759E+05 
   0.1622293E+01  -0.6579168E+04   0.2985485E+05   0.1889207E+05   0.4145717E+05 
   0.1723686E+01   0.3479528E+06   0.3547015E+05   0.2411644E+05   0.5861263E+05 
   0.1825079E+01   0.9834588E+05  -0.2663041E+05  -0.2574701E+05  -0.4962695E+05 
   0.1926473E+01  -0.2355736E+06  -0.2663035E+05  -0.2622072E+05  -0.6821482E+05 
   0.2027866E+01  -0.9603995E+06   0.1044935E+05   0.5963700E+04   0.1404096E+05 
   0.2129259E+01  -0.5429871E+06   0.8406035E+04   0.1631207E+05   0.4006730E+05 
   0.2230652E+01   0.9827274E+05   0.2137678E+05   0.3469026E+05   0.8213830E+05 
   0.2332046E+01   0.1023950E+07   0.3819453E+05   0.4378610E+05   0.1062379E+06 
   0.2433439E+01   0.1340721E+07  -0.3616728E+04  -0.1602613E+05  -0.3854848E+05 
   0.2534832E+01  -0.1415313E+07  -0.1724200E+04  -0.2291348E+05  -0.5310057E+05 
   0.2636226E+01   0.1997379E+06  -0.2974887E+04  -0.1759912E+05  -0.2867462E+05 
   0.2737619E+01   0.9219201E+06  -0.2662996E+05  -0.2622045E+05  -0.6821416E+05 
   0.2839012E+01   0.5214120E+05  -0.1147435E+05   0.8461434E+03  -0.1259894E+05 
   0.2940405E+01  -0.1623790E+07   0.7598796E+04   0.6504427E+04   0.1560056E+05 
   0.3041799E+01  -0.5476294E+06   0.1307867E+05   0.1170376E+05   0.2935773E+05 
   0.3143192E+01  -0.7718637E+06  -0.2383616E+05  -0.1593112E+05  -0.4289318E+05 
   0.3244585E+01  -0.1673540E+06   0.1094613E+05   0.9622384E+04   0.2506182E+05 
   0.3345979E+01   0.9393085E+06  -0.1278642E+05   0.1412949E+05   0.3281320E+05 
   0.3447372E+01   0.1751341E+07  -0.1123777E+05  -0.1734705E+04   0.1418693E+04 
   0.3548765E+01   0.6648209E+06   0.2523674E+04  -0.5307983E+04  -0.1262274E+05 
   0.3650159E+01   0.4332921E+06  -0.1492732E+05  -0.1306296E+05  -0.3439394E+05 
   0.3751552E+01   0.3577599E+06  -0.1504657E+05  -0.1237948E+05  -0.3444476E+05 
   0.3852945E+01  -0.3775812E+06   0.8993812E+04   0.4734920E+04   0.1320186E+05 
   0.3954338E+01  -0.7890252E+06   0.5919242E+04   0.4274795E+04   0.1083262E+05 
   0.4055732E+01  -0.4083085E+06   0.8557450E+04   0.1389242E+03   0.8971141E+04 
   0.4157125E+01  -0.9989496E+06   0.1001463E+04   0.5752415E+04   0.2617939E+05 
   0.4258518E+01  -0.3838507E+06   0.1170987E+05   0.1269153E+05   0.3554551E+05 
   0.4359912E+01  -0.2223754E+06  -0.3335961E+04  -0.1506274E+04  -0.1483067E+05 
   0.4461305E+01   0.7377417E+06   0.7565571E+04   0.2850040E+04   0.7556490E+04 
   0.4562698E+01   0.1290090E+07   0.1096457E+05   0.6384661E+04   0.1527448E+05 
   0.4664091E+01   0.2381410E+06  -0.1440010E+05  -0.1492615E+05  -0.4071723E+05 
   0.4765485E+01  -0.1323039E+07  -0.1942394E+05  -0.1972557E+05  -0.5461700E+05 
   0.4866878E+01  -0.8610683E+06   0.1291510E+05   0.9526437E+04   0.2353007E+05 
   0.4968271E+01   0.7464661E+06  -0.7971734E+04   0.1115989E+05   0.1711470E+05 
   0.5069665E+01   0.5385970E+05   0.1129922E+05   0.6762548E+04   0.2016767E+05 
   0.5171058E+01  -0.3618381E+06  -0.1554793E+05  -0.1195692E+05  -0.3205001E+05 
   0.5272451E+01  -0.7519326E+06   0.1873665E+03   0.6528982E+03  -0.8837517E+04 
   0.5373845E+01   0.3944741E+06   0.6553638E+04   0.8838243E+04   0.2279132E+05 
   0.5475238E+01   0.3968856E+06   0.4416211E+04  -0.4908773E+04  -0.4849123E+04 
   0.5576631E+01   0.1131647E+07  -0.1106111E+05  -0.1766399E+04  -0.1980788E+05 
   0.5678024E+01   0.4585748E+06   0.1352802E+05   0.1047584E+05   0.2917615E+05 
   0.5779418E+01   0.4602541E+06  -0.8287233E+04  -0.1723601E+04   0.7467561E+03 
   0.5880811E+01  -0.7621280E+05   0.7851910E+04   0.6670468E+04   0.1702681E+05 
   0.5982204E+01   0.9831955E+06  -0.8735528E+04  -0.5506854E+04  -0.1503516E+05 
   0.6083598E+01   0.2252509E+06   0.7758296E+04  -0.2394308E+04  -0.9431410E+04 
   0.6184991E+01  -0.1390418E+06  -0.1786466E+03   0.3794881E+04   0.7606442E+04 
   0.6286384E+01  -0.6187303E+06   0.7632648E+04   0.2650812E+04   0.5837712E+04 
   0.6387777E+01  -0.7664721E+06  -0.8176255E+04  -0.6349871E+04  -0.1613460E+05 
   0.6489171E+01  -0.1322068E+07   0.6359823E+04  -0.1567556E+04   0.7626665E+04 
   0.6590564E+01  -0.7865814E+06  -0.4758685E+04  -0.3874799E+04  -0.9106004E+04 
   0.6691957E+01  -0.4543889E+06  -0.6647284E+04  -0.6402394E+04  -0.1266936E+05 
   0.6793351E+01  -0.1473922E+06  -0.6932541E+04   0.1769050E+04  -0.2151026E+04 
   0.6894744E+01  -0.1111645E+06   0.9497333E+04   0.7962282E+04   0.1981281E+05 
   0.6996137E+01   0.3986549E+06  -0.5887381E+04  -0.4595394E+04  -0.7522906E+04 
   0.7097531E+01   0.5869710E+06   0.6892566E+04   0.2375684E+04   0.8577860E+04 
   0.7198924E+01   0.9956521E+06  -0.6476363E+04  -0.5593588E+04  -0.1428172E+05 
   0.7300317E+01   0.6785211E+06  -0.4816660E+04  -0.2302003E+04  -0.1384127E+05 
   0.7401710E+01   0.8059196E+06   0.7085883E+04   0.6229321E+04   0.1603334E+05 
   0.7503104E+01   0.2766341E+06  -0.8641462E+02  -0.4950562E+04  -0.1126395E+05 
   0.7604497E+01   0.1393131E+06   0.3535334E+04   0.2958830E+04   0.7346408E+04 
   0.7705890E+01   0.5566890E+05   0.2970284E+04   0.6716305E+04   0.1520481E+05 
   0.7807284E+01  -0.3129512E+05  -0.5729829E+04  -0.2986128E+04  -0.1150004E+05 
   0.7908677E+01  -0.5747123E+06   0.4260259E+04   0.3359331E+04   0.5072754E+04 
   0.8010070E+01  -0.2916633E+06   0.4715307E+04   0.1506215E+04   0.8095794E+04 
   0.8111463E+01  -0.6861280E+06  -0.7417396E+04  -0.6411199E+04  -0.1632309E+05 
   0.8212857E+01  -0.1031300E+07  -0.2853630E+04  -0.5785081E+04  -0.1623401E+05 
   0.8314250E+01  -0.6335755E+06  -0.3889783E+04   0.1447030E+04  -0.3861511E+04 
   0.8415643E+01  -0.3030601E+06   0.4401410E+04   0.1885021E+04   0.7126340E+04 
   0.8517037E+01  -0.3148757E+06   0.1449571E+04   0.4265071E+04   0.1059162E+05 
   0.8618430E+01   0.2967271E+06   0.1035641E+05   0.1095901E+05   0.2615340E+05 
   0.8719823E+01   0.7625393E+06  -0.4912693E+04  -0.2306282E+04   0.1034151E+04 
   0.8821216E+01   0.5770610E+06  -0.8175296E+04  -0.8473265E+04  -0.2160677E+05 
   0.8922610E+01   0.2310268E+06   0.8248759E+04   0.6508628E+04   0.1378834E+05 
   0.9024003E+01   0.1116238E+07   0.1298332E+05   0.7894674E+04   0.1825209E+05 
   0.9125396E+01   0.6938709E+06  -0.7199698E+04  -0.8302391E+04  -0.2065973E+05 
   0.9226790E+01   0.5324209E+06   0.6919747E+04   0.4030445E+04   0.1186362E+05 
   0.9328183E+01  -0.5640016E+06   0.5010742E+04  -0.2402274E+03   0.8141182E+04 
   0.9429576E+01  -0.3815175E+06  -0.4524808E+04  -0.6438253E+04  -0.7393452E+04 
   0.9530970E+01   0.5530244E+06  -0.5314260E+04   0.4733017E+04   0.8797599E+04 
   0.9632363E+01  -0.7149423E+05  -0.8805029E+04  -0.7345966E+04  -0.1838031E+05 
   0.9733756E+01  -0.1198475E+07   0.8781276E+04   0.6268357E+04   0.1794679E+05 
   0.9835149E+01  -0.2241853E+06  -0.7091447E+04  -0.5632261E+04  -0.1516265E+05 
   0.9936543E+01  -0.6711550E+06   0.5742792E+04   0.2654723E+04   0.3870278E+04 
