   0.0000000E+00   0.0000000E+00   0.0000000E+00   0.0000000E+00   0.0000000E+00 
   0.1013933E+00   0.2838229E+01  -0.3680666E+00  -0.6452024E+00  -0.6938657E+01 
   0.2027866E+00  -0.2573411E+03  -0.2876059E+02  -0.5641416E+02  -0.3340045E+03 
   0.3041799E+00  -0.2416421E+04  -0.2951067E+03  -0.2487775E+03  -0.9062149E+03 
   0.4055732E+00  -0.5668746E+04   0.1052391E+03   0.2612982E+02   0.7326293E+03 
   0.5069665E+00  -0.1643866E+04   0.5156849E+03   0.4679591E+03   0.1332821E+04 
   0.6083598E+00   0.5426322E+03  -0.1062372E+03   0.1075685E+03  -0.2606524E+03 
   0.7097531E+00  -0.4563801E+04  -0.7123578E+03  -0.3895442E+03  -0.1085688E+04 
   0.8111463E+00   0.6591043E+04   0.5550931E+03   0.2356015E+03   0.8576153E+03 
   0.9125396E+00   0.1059786E+05   0.2722417E+03   0.9599940E+02   0.4365074E+03 
   0.1013933E+01   0.8965621E+04  -0.3323047E+03  -0.5746483E+02   0.5877897E+02 
   0.1115326E+01   0.1578516E+05   0.2156830E+03   0.3498316E+03   0.7292038E+03 
   0.1216720E+01   0.1788410E+05  -0.6626050E+02   0.1126411E+03  -0.6433805E+03 
   0.1318113E+01   0.1436195E+04  -0.5028407E+03  -0.4750261E+03  -0.3431001E+03 
   0.1419506E+01  -0.7979591E+04  -0.1111385E+04  -0.1340680E+04  -0.5045653E+04 
   0.1520899E+01  -0.3243725E+05  -0.1106604E+04  -0.1551685E+04  -0.9579097E+03 
   0.1622293E+01   0.4390662E+04   0.5058783E+04   0.4236727E+04   0.1345968E+05 
   0.1723686E+01   0.6782826E+05   0.3869378E+04   0.4673776E+04   0.4814207E+04 
   0.1825079E+01  -0.5668538E+05  -0.1144502E+05  -0.7545810E+04  -0.2559445E+05 
   0.1926473E+01  -0.1209362E+06  -0.7547785E+04  -0.9353931E+04  -0.2095837E+05 
   0.2027866E+01  -0.8835119E+05   0.1221213E+05   0.3830877E+04   0.3404262E+05 
   0.2129259E+01  -0.1099692E+05   0.1153452E+05   0.1247573E+05   0.3430145E+05 
   0.2230652E+01   0.8549006E+05  -0.2368913E+04   0.7052012E+04   0.3269769E+04 
   0.2332046E+01   0.1102816E+06  -0.9874210E+04  -0.1339631E+04  -0.1742613E+05 
   0.2433439E+01   0.1680806E+06  -0.6046036E+04  -0.1123751E+05  -0.4088311E+05 
   0.2534832E+01  -0.6557947E+05  -0.8986756E+04  -0.2133144E+05  -0.3516127E+04 
   0.2636226E+01   0.2563601E+06   0.2834249E+05   0.1530869E+05   0.4728182E+05 
   0.2737619E+01   0.3535594E+06  -0.6083673E+04   0.6322452E+04  -0.3683680E+05 
   0.2839012E+01  -0.7884792E+06  -0.2661218E+05  -0.2351016E+05  -0.5826414E+05 
   0.2940405E+01  -0.4674754E+06   0.1649406E+05   0.1782083E+05   0.6158458E+05 
   0.3041799E+01   0.2833709E+06   0.1836382E+05   0.3288865E+05   0.4578180E+05 
   0.3143192E+01  -0.5466002E+05  -0.1519775E+05  -0.1461354E+05  -0.3134174E+05 
   0.3244585E+01  -0.3134176E+06  -0.8165494E+04  -0.2478936E+05  -0.2998711E+05 
   0.3345979E+01   0.6143345E+06   0.3215823E+05   0.2025281E+05   0.5401122E+05 
   0.3447372E+01   0.4807480E+06  -0.1473721E+05   0.1868217E+04  -0.3135298E+05 
   0.3548765E+01   0.8522110E+05  -0.1080289E+05  -0.1627856E+05  -0.3076654E+05 
   0.3650159E+01   0.3653327E+06   0.2360102E+03  -0.4837453E+04  -0.1971423E+05 
   0.3751552E+01   0.9734228E+05  -0.6740158E+04   0.2232506E+04   0.6017472E+04 
   0.3852945E+01  -0.8172715E+06  -0.2494681E+05  -0.9742941E+04  -0.1832440E+05 
   0.3954338E+01  -0.5710525E+06   0.1543564E+05   0.1403606E+05   0.3804219E+05 
   0.4055732E+01  -0.7049163E+05   0.1723504E+05   0.2111833E+05   0.3099022E+05 
   0.4157125E+01  -0.2513985E+06   0.1644630E+04  -0.3433615E+04   0.7448665E+04 
   0.4258518E+01  -0.8608146E+04   0.4612099E+04  -0.1052820E+05  -0.1445628E+05 
   0.4359912E+01   0.4549009E+06   0.3427837E+04  -0.2158441E+04   0.4350690E+04 
   0.4461305E+01   0.3415783E+06  -0.1346491E+05  -0.3271725E+04  -0.2327981E+05 
   0.4562698E+01   0.3093495E+06  -0.3167147E+04  -0.4394424E+04  -0.2075439E+05 
   0.4664091E+01   0.2217861E+06  -0.1645217E+05  -0.1697305E+05  -0.5210444E+05 
   0.4765485E+01  -0.1721462E+06  -0.6077220E+04  -0.1146871E+05   0.2916323E+04 
   0.4866878E+01  -0.2005961E+06   0.1594342E+05   0.2445398E+05   0.6766597E+05 
   0.4968271E+01  -0.1414985E+06   0.1826253E+05   0.2740833E+05   0.2971428E+05 
   0.5069665E+01  -0.5763384E+06  -0.1368831E+05  -0.1416331E+05  -0.3538798E+05 
   0.5171058E+01  -0.3361002E+06   0.2030216E+04  -0.1299528E+05  -0.1538056E+05 
   0.5272451E+01   0.5545017E+06   0.2174786E+05   0.1834220E+05   0.6033395E+05 
   0.5373845E+01   0.3912268E+06  -0.7381852E+04  -0.6849801E+03  -0.6861056E+04 
   0.5475238E+01   0.1573520E+06  -0.1734851E+05  -0.1686089E+05  -0.4912002E+05 
   0.5576631E+01   0.5620427E+04  -0.4202736E+04  -0.8599777E+04  -0.2189096E+05 
   0.5678024E+01   0.3118867E+06   0.1648589E+05   0.2454706E+05   0.4758589E+05 
   0.5779418E+01   0.5702522E+05  -0.1143102E+05  -0.6136843E+04  -0.1483896E+05 
   0.5880811E+01   0.5303715E+05  -0.5348358E+04  -0.1166995E+05  -0.1573655E+05 
   0.5982204E+01  -0.2281593E+06  -0.2329585E+04  -0.8017596E+04  -0.2304662E+05 
   0.6083598E+01  -0.3072209E+06   0.4820016E+04   0.4096694E+04   0.4417799E+04 
   0.6184991E+01  -0.4840890E+06  -0.2627704E+04   0.3345178E+03   0.1335799E+05 
   0.6286384E+01   0.2503856E+06   0.2109388E+05   0.2667298E+05   0.5253204E+05 
   0.6387777E+01  -0.1519454E+06  -0.1249802E+05  -0.1540139E+05  -0.2803862E+05 
   0.6489171E+01  -0.3581438E+06  -0.1415290E+05  -0.2149059E+05  -0.4019067E+05 
   0.6590564E+01  -0.1221612E+06  -0.9559647E+04  -0.7747198E+04  -0.1253839E+05 
   0.6691957E+01   0.3778035E+06   0.1320329E+05   0.2589322E+05   0.3143283E+05 
   0.6793351E+01   0.6212811E+05  -0.1778055E+04  -0.3543146E+04  -0.4177858E+04 
   0.6894744E+01   0.2684053E+06   0.1741221E+05   0.5712508E+04   0.2530502E+05 
   0.6996137E+01   0.2590265E+06  -0.6605862E+04  -0.5173633E+04  -0.7389157E+04 
   0.7097531E+01   0.1458861E+06  -0.4592495E+04  -0.2824259E+04  -0.1396741E+05 
   0.7198924E+01  -0.1068043E+05  -0.1405651E+04  -0.2493399E+04  -0.1040248E+05 
   0.7300317E+01   0.2550761E+06   0.1027657E+05   0.9736367E+04   0.1805361E+05 
   0.7401710E+01   0.6880112E+05  -0.7535025E+04  -0.2416038E+04   0.1499434E+04 
   0.7503104E+01  -0.3558383E+05   0.2664188E+04  -0.1821090E+04  -0.6490592E+03 
   0.7604497E+01  -0.3135349E+06  -0.2927361E+04  -0.4805327E+04  -0.9076002E+04 
   0.7705890E+01  -0.1547595E+06  -0.1355763E+04   0.3128246E+04   0.5116630E+03 
   0.7807284E+01  -0.2503460E+06   0.6033734E+03   0.9640265E+03  -0.6951036E+04 
   0.7908677E+01  -0.1390958E+05   0.1376903E+05   0.1121326E+05   0.2902993E+05 
   0.8010070E+01  -0.4191224E+05  -0.8293087E+04  -0.7914941E+04  -0.1335635E+05 
   0.8111463E+01  -0.1152422E+06  -0.7598466E+04  -0.1231949E+05  -0.2623932E+05 
   0.8212857E+01  -0.3519539E+06  -0.8086852E+04  -0.8888821E+04  -0.1830935E+05 
   0.8314250E+01   0.1036373E+06   0.1383399E+05   0.1899555E+05   0.3026138E+05 
   0.8415643E+01   0.1581211E+06  -0.7683498E+04   0.3714520E+04   0.1695041E+04 
   0.8517037E+01   0.4988226E+05   0.2580457E+04  -0.4052587E+04   0.5686475E+04 
   0.8618430E+01   0.1534909E+06   0.1114248E+05   0.4975126E+04   0.2211632E+05 
   0.8719823E+01   0.3571321E+06   0.3583217E+04   0.3235596E+04  -0.8322484E+04 
   0.8821216E+01   0.9650454E+05  -0.1664197E+05  -0.1712976E+05  -0.4268853E+05 
   0.8922610E+01   0.2100618E+06   0.5767828E+04   0.3092448E+04   0.2498729E+05 
   0.9024003E+01   0.2768703E+06   0.2265300E+04   0.1371524E+05   0.1941181E+05 
   0.9125396E+01  -0.2068079E+06  -0.1727135E+05  -0.1473601E+05  -0.3932386E+05 
   0.9226790E+01  -0.5527080E+06   0.1982646E+04  -0.8183221E+04  -0.1189764E+05 
   0.9328183E+01  -0.5732515E+04   0.2420821E+05   0.2196457E+05   0.5823444E+05 
   0.9429576E+01   0.1590276E+06  -0.2022414E+04   0.8995341E+04   0.1760291E+05 
   0.9530970E+01   0.1053283E+06  -0.1095587E+05  -0.1416312E+05  -0.2998164E+05 
   0.9632363E+01  -0.7005937E+05  -0.8657251E+04  -0.1277897E+05  -0.2911261E+05 
   0.9733756E+01   0.9054750E+04   0.4656437E+04   0.5800592E+04   0.2123454E+05 
   0.9835149E+01   0.1515163E+06  -0.9836711E+04   0.2411329E+04  -0.1421004E+05 
   0.9936543E+01  -0.9972341E+05  -0.1087817E+05  -0.1258020E+05  -0.3436778E+05 
