   0.0000000E+00   0.0000000E+00 
   0.1013933E+00   0.1686979E+00 
   0.2027866E+00  -0.1521228E+01 
   0.3041799E+00  -0.2565472E+03 
   0.4055732E+00  -0.4078566E+03 
   0.5069665E+00   0.3632750E+03 
   0.6083598E+00   0.6886047E+03 
   0.7097531E+00   0.5073133E+02 
   0.8111463E+00  -0.1789796E+03 
   0.9125396E+00  -0.1574509E+03 
   0.1013933E+01   0.1014267E+03 
   0.1115326E+01   0.9347439E+03 
   0.1216720E+01   0.5994178E+03 
   0.1318113E+01  -0.7048609E+03 
   0.1419506E+01  -0.1530177E+04 
   0.1520899E+01  -0.4078713E+04 
   0.1622293E+01   0.3785683E+04 
   0.1723686E+01   0.1081157E+05 
   0.1825079E+01  -0.2987763E+04 
   0.1926473E+01  -0.1864816E+05 
   0.2027866E+01  -0.1548940E+05 
   0.2129259E+01   0.1672996E+05 
   0.2230652E+01   0.3605741E+05 
   0.2332046E+01   0.1861501E+05 
   0.2433439E+01  -0.2329935E+05 
   0.2534832E+01  -0.2771514E+05 
   0.2636226E+01  -0.4481976E+04 
   0.2737619E+01   0.7158356E+04 
   0.2839012E+01  -0.1484817E+05 
   0.2940405E+01  -0.1056071E+04 
   0.3041799E+01   0.2506111E+05 
   0.3143192E+01   0.2180513E+05 
   0.3244585E+01  -0.7575753E+04 
   0.3345979E+01   0.1024001E+04 
   0.3447372E+01   0.1894104E+04 
   0.3548765E+01  -0.1188019E+05 
   0.3650159E+01  -0.1403370E+05 
   0.3751552E+01  -0.4598138E+04 
   0.3852945E+01  -0.7446556E+04 
   0.3954338E+01   0.7348497E+04 
   0.4055732E+01   0.2093389E+05 
   0.4157125E+01   0.1422713E+05 
   0.4258518E+01   0.2304508E+04 
   0.4359912E+01  -0.8686047E+04 
   0.4461305E+01  -0.8840571E+04 
   0.4562698E+01   0.5305203E+03 
   0.4664091E+01  -0.1197173E+05 
   0.4765485E+01  -0.2070969E+05 
   0.4866878E+01   0.6473930E+04 
   0.4968271E+01   0.2642198E+05 
   0.5069665E+01   0.1498755E+05 
   0.5171058E+01  -0.8341035E+04 
   0.5272451E+01  -0.6623953E+04 
   0.5373845E+01   0.3462234E+04 
   0.5475238E+01   0.4627294E+03 
   0.5576631E+01  -0.3454296E+04 
   0.5678024E+01   0.4587113E+04 
   0.5779418E+01   0.3791516E+04 
   0.5880811E+01  -0.1051215E+04 
   0.5982204E+01  -0.7063713E+04 
   0.6083598E+01  -0.9620843E+04 
   0.6184991E+01  -0.2976785E+04 
   0.6286384E+01   0.1365409E+05 
   0.6387777E+01   0.5873055E+04 
   0.6489171E+01  -0.7843268E+04 
   0.6590564E+01  -0.7387308E+04 
   0.6691957E+01   0.6390603E+04 
   0.6793351E+01   0.3207547E+04 
   0.6894744E+01   0.3999585E+04 
   0.6996137E+01   0.1775278E+04 
   0.7097531E+01  -0.5199922E+04 
   0.7198924E+01  -0.6537785E+04 
   0.7300317E+01   0.7066169E+03 
   0.7401710E+01   0.4608414E+04 
   0.7503104E+01   0.2575890E+04 
   0.7604497E+01  -0.2996966E+04 
   0.7705890E+01   0.1866094E+04 
   0.7807284E+01  -0.2591748E+03 
   0.7908677E+01  -0.2970495E+03 
   0.8010070E+01   0.3596406E+04 
   0.8111463E+01  -0.4426651E+04 
   0.8212857E+01  -0.1028325E+05 
   0.8314250E+01   0.1815687E+04 
   0.8415643E+01   0.6345101E+04 
   0.8517037E+01   0.5415184E+04 
   0.8618430E+01   0.7866004E+04 
   0.8719823E+01   0.3466327E+04 
   0.8821216E+01  -0.1297900E+05 
   0.8922610E+01  -0.1047650E+05 
   0.9024003E+01   0.9052878E+04 
   0.9125396E+01   0.5030272E+04 
   0.9226790E+01  -0.7847108E+04 
   0.9328183E+01  -0.8270270E+04 
   0.9429576E+01   0.8310939E+04 
   0.9530970E+01   0.1779305E+05 
   0.9632363E+01  -0.6404794E+04 
   0.9733756E+01  -0.1095969E+05 
   0.9835149E+01   0.3560188E+04 
   0.9936543E+01  -0.8117928E+04 
