   0.0000000E+00   0.0000000E+00   0.0000000E+00   0.0000000E+00   0.0000000E+00 
   0.1013933E+00   0.1892153E+01  -0.2453777E+00  -0.4301349E+00  -0.4625771E+01 
   0.2027866E+00  -0.1715607E+03  -0.1917373E+02  -0.3760944E+02  -0.2226697E+03 
   0.3041799E+00  -0.1610947E+04  -0.1967378E+03  -0.1658517E+03  -0.6041433E+03 
   0.4055732E+00  -0.3779164E+04   0.7015941E+02   0.1741988E+02   0.4884196E+03 
   0.5069665E+00  -0.1095910E+04   0.3437900E+03   0.3119727E+03   0.8885472E+03 
   0.6083598E+00   0.3617548E+03  -0.7082481E+02   0.7171233E+02  -0.1737683E+03 
   0.7097531E+00  -0.3042534E+04  -0.4749052E+03  -0.2596961E+03  -0.7237919E+03 
   0.8111463E+00   0.4394029E+04   0.3700621E+03   0.1570676E+03   0.5717435E+03 
   0.9125396E+00   0.7065240E+04   0.1814944E+03   0.6399960E+02   0.2910050E+03 
   0.1013933E+01   0.5977081E+04  -0.2215365E+03  -0.3830989E+02   0.3918598E+02 
   0.1115326E+01   0.1052344E+05   0.1437887E+03   0.2332210E+03   0.4861359E+03 
   0.1216720E+01   0.1192273E+05  -0.4417367E+02   0.7509408E+02  -0.4289203E+03 
   0.1318113E+01   0.9574636E+03  -0.3352272E+03  -0.3166840E+03  -0.2287334E+03 
   0.1419506E+01  -0.5319728E+04  -0.7409234E+03  -0.8937868E+03  -0.3363769E+04 
   0.1520899E+01  -0.2162483E+05  -0.7377358E+03  -0.1034457E+04  -0.6386065E+03 
   0.1622293E+01   0.2927108E+04   0.3372522E+04   0.2824485E+04   0.8973117E+04 
   0.1723686E+01   0.4521884E+05   0.2579585E+04   0.3115850E+04   0.3209472E+04 
   0.1825079E+01  -0.3779026E+05  -0.7630015E+04  -0.5030540E+04  -0.1706296E+05 
   0.1926473E+01  -0.8062412E+05  -0.5031857E+04  -0.6235954E+04  -0.1397225E+05 
   0.2027866E+01  -0.5890079E+05   0.8141420E+04   0.2553918E+04   0.2269508E+05 
   0.2129259E+01  -0.7331277E+04   0.7689679E+04   0.8317154E+04   0.2286763E+05 
   0.2230652E+01   0.5699337E+05  -0.1579275E+04   0.4701342E+04   0.2179846E+04 
   0.2332046E+01   0.7352107E+05  -0.6582806E+04  -0.8930874E+03  -0.1161742E+05 
   0.2433439E+01   0.1120537E+06  -0.4030691E+04  -0.7491672E+04  -0.2725540E+05 
   0.2534832E+01  -0.4371965E+05  -0.5991171E+04  -0.1422096E+05  -0.2344085E+04 
   0.2636226E+01   0.1709067E+06   0.1889499E+05   0.1020579E+05   0.3152122E+05 
   0.2737619E+01   0.2357063E+06  -0.4055782E+04   0.4214968E+04  -0.2455787E+05 
   0.2839012E+01  -0.5256528E+06  -0.1774146E+05  -0.1567344E+05  -0.3884276E+05 
   0.2940405E+01  -0.3116502E+06   0.1099604E+05   0.1188056E+05   0.4105639E+05 
   0.3041799E+01   0.1889139E+06   0.1224255E+05   0.2192577E+05   0.3052120E+05 
   0.3143192E+01  -0.3644002E+05  -0.1013183E+05  -0.9742363E+04  -0.2089449E+05 
   0.3244585E+01  -0.2089451E+06  -0.5443663E+04  -0.1652624E+05  -0.1999140E+05 
   0.3345979E+01   0.4095563E+06   0.2143882E+05   0.1350187E+05   0.3600748E+05 
   0.3447372E+01   0.3204987E+06  -0.9824806E+04   0.1245478E+04  -0.2090198E+05 
   0.3548765E+01   0.5681407E+05  -0.7201928E+04  -0.1085238E+05  -0.2051102E+05 
   0.3650159E+01   0.2435551E+06   0.1573401E+03  -0.3224969E+04  -0.1314282E+05 
   0.3751552E+01   0.6489486E+05  -0.4493438E+04   0.1488338E+04   0.4011648E+04 
   0.3852945E+01  -0.5448476E+06  -0.1663121E+05  -0.6495294E+04  -0.1221627E+05 
   0.3954338E+01  -0.3807016E+06   0.1029043E+05   0.9357373E+04   0.2536146E+05 
   0.4055732E+01  -0.4699442E+05   0.1149003E+05   0.1407889E+05   0.2066015E+05 
   0.4157125E+01  -0.1675990E+06   0.1096420E+04  -0.2289077E+04   0.4965777E+04 
   0.4258518E+01  -0.5738764E+04   0.3074733E+04  -0.7018797E+04  -0.9637519E+04 
   0.4359912E+01   0.3032673E+06   0.2285225E+04  -0.1438961E+04   0.2900460E+04 
   0.4461305E+01   0.2277189E+06  -0.8976608E+04  -0.2181150E+04  -0.1551987E+05 
   0.4562698E+01   0.2062330E+06  -0.2111431E+04  -0.2929616E+04  -0.1383626E+05 
   0.4664091E+01   0.1478574E+06  -0.1096811E+05  -0.1131536E+05  -0.3473630E+05 
   0.4765485E+01  -0.1147642E+06  -0.4051480E+04  -0.7645809E+04   0.1944215E+04 
   0.4866878E+01  -0.1337307E+06   0.1062894E+05   0.1630265E+05   0.4511065E+05 
   0.4968271E+01  -0.9433236E+05   0.1217502E+05   0.1827222E+05   0.1980952E+05 
   0.5069665E+01  -0.3842256E+06  -0.9125541E+04  -0.9442209E+04  -0.2359199E+05 
   0.5171058E+01  -0.2240668E+06   0.1353477E+04  -0.8663522E+04  -0.1025371E+05 
   0.5272451E+01   0.3696678E+06   0.1449857E+05   0.1222813E+05   0.4022263E+05 
   0.5373845E+01   0.2608179E+06  -0.4921235E+04  -0.4566534E+03  -0.4574038E+04 
   0.5475238E+01   0.1049013E+06  -0.1156567E+05  -0.1124059E+05  -0.3274668E+05 
   0.5576631E+01   0.3746952E+04  -0.2801824E+04  -0.5733185E+04  -0.1459397E+05 
   0.5678024E+01   0.2079244E+06   0.1099060E+05   0.1636471E+05   0.3172393E+05 
   0.5779418E+01   0.3801681E+05  -0.7620682E+04  -0.4091229E+04  -0.9892637E+04 
   0.5880811E+01   0.3535810E+05  -0.3565572E+04  -0.7779968E+04  -0.1049103E+05 
   0.5982204E+01  -0.1521062E+06  -0.1553057E+04  -0.5345064E+04  -0.1536442E+05 
   0.6083598E+01  -0.2048139E+06   0.3213344E+04   0.2731130E+04   0.2945199E+04 
   0.6184991E+01  -0.3227260E+06  -0.1751803E+04   0.2230118E+03   0.8905324E+04 
   0.6286384E+01   0.1669237E+06   0.1406259E+05   0.1778198E+05   0.3502136E+05 
   0.6387777E+01  -0.1012970E+06  -0.8332014E+04  -0.1026759E+05  -0.1869241E+05 
   0.6489171E+01  -0.2387625E+06  -0.9435270E+04  -0.1432706E+05  -0.2679378E+05 
   0.6590564E+01  -0.8144078E+05  -0.6373098E+04  -0.5164799E+04  -0.8358930E+04 
   0.6691957E+01   0.2518690E+06   0.8802195E+04   0.1726214E+05   0.2095522E+05 
   0.6793351E+01   0.4141874E+05  -0.1185370E+04  -0.2362097E+04  -0.2785239E+04 
   0.6894744E+01   0.1789369E+06   0.1160814E+05   0.3808339E+04   0.1687001E+05 
   0.6996137E+01   0.1726844E+06  -0.4403908E+04  -0.3449089E+04  -0.4926105E+04 
   0.7097531E+01   0.9725740E+05  -0.3061663E+04  -0.1882840E+04  -0.9311604E+04 
   0.7198924E+01  -0.7120289E+04  -0.9371005E+03  -0.1662266E+04  -0.6934989E+04 
   0.7300317E+01   0.1700508E+06   0.6851048E+04   0.6490911E+04   0.1203574E+05 
   0.7401710E+01   0.4586741E+05  -0.5023350E+04  -0.1610692E+04   0.9996228E+03 
   0.7503104E+01  -0.2372255E+05   0.1776125E+04  -0.1214060E+04  -0.4327061E+03 
   0.7604497E+01  -0.2090233E+06  -0.1951574E+04  -0.3203551E+04  -0.6050668E+04 
   0.7705890E+01  -0.1031730E+06  -0.9038419E+03   0.2085497E+04   0.3411086E+03 
   0.7807284E+01  -0.1668973E+06   0.4022489E+03   0.6426843E+03  -0.4634024E+04 
   0.7908677E+01  -0.9273050E+04   0.9179352E+04   0.7475503E+04   0.1935329E+05 
   0.8010070E+01  -0.2794149E+05  -0.5528724E+04  -0.5276628E+04  -0.8904236E+04 
   0.8111463E+01  -0.7682816E+05  -0.5065644E+04  -0.8212992E+04  -0.1749288E+05 
   0.8212857E+01  -0.2346359E+06  -0.5391234E+04  -0.5925880E+04  -0.1220624E+05 
   0.8314250E+01   0.6909151E+05   0.9222658E+04   0.1266370E+05   0.2017425E+05 
   0.8415643E+01   0.1054141E+06  -0.5122332E+04   0.2476346E+04   0.1130027E+04 
   0.8517037E+01   0.3325484E+05   0.1720305E+04  -0.2701725E+04   0.3790983E+04 
   0.8618430E+01   0.1023273E+06   0.7428319E+04   0.3316750E+04   0.1474421E+05 
   0.8719823E+01   0.2380881E+06   0.2388811E+04   0.2157064E+04  -0.5548323E+04 
   0.8821216E+01   0.6433636E+05  -0.1109464E+05  -0.1141984E+05  -0.2845902E+05 
   0.8922610E+01   0.1400412E+06   0.3845219E+04   0.2061632E+04   0.1665819E+05 
   0.9024003E+01   0.1845802E+06   0.1510200E+04   0.9143494E+04   0.1294121E+05 
   0.9125396E+01  -0.1378720E+06  -0.1151423E+05  -0.9824009E+04  -0.2621591E+05 
   0.9226790E+01  -0.3684720E+06   0.1321764E+04  -0.5455481E+04  -0.7931762E+04 
   0.9328183E+01  -0.3821677E+04   0.1613881E+05   0.1464305E+05   0.3882296E+05 
   0.9429576E+01   0.1060184E+06  -0.1348276E+04   0.5996894E+04   0.1173528E+05 
   0.9530970E+01   0.7021890E+05  -0.7303914E+04  -0.9442083E+04  -0.1998776E+05 
   0.9632363E+01  -0.4670625E+05  -0.5771500E+04  -0.8519311E+04  -0.1940840E+05 
   0.9733756E+01   0.6036500E+04   0.3104291E+04   0.3867062E+04   0.1415636E+05 
   0.9835149E+01   0.1010109E+06  -0.6557807E+04   0.1607552E+04  -0.9473362E+04 
   0.9936543E+01  -0.6648228E+05  -0.7252111E+04  -0.8386798E+04  -0.2291185E+05 
