   0.0000000E+00   0.0000000E+00   0.0000000E+00   0.0000000E+00   0.0000000E+00   0.0000000E+00   0.0000000E+00 
   0.1013933E+00  -0.1328156E-05  -0.2656121E-06  -0.2664272E-06  -0.5018289E-04   0.1060074E-04  -0.3210237E-04 
   0.2027866E+00  -0.6447594E-04  -0.2404654E-04  -0.3433850E-04  -0.1448664E-02   0.4762093E-04  -0.3712301E-03 
   0.3041799E+00   0.1745490E-02   0.1056276E-03   0.2841379E-03   0.1904525E-01   0.9571663E-02   0.9838008E-02 
   0.4055732E+00   0.2640093E-02   0.1499401E-02   0.2213495E-04  -0.3948310E-02  -0.8030186E-03   0.3360953E-03 
   0.5069665E+00  -0.2172382E-02   0.2645938E-02   0.1293109E-02  -0.1980432E-01  -0.1179167E-01  -0.1015121E-01 
   0.6083598E+00  -0.1600069E-02  -0.2681015E-03   0.3184900E-02  -0.8045245E-02  -0.5096284E-02  -0.5310372E-02 
   0.7097531E+00   0.3794559E-03  -0.1378734E-02   0.2191289E-02   0.1423397E-01   0.5840218E-02   0.4795983E-02 
   0.8111463E+00  -0.8255481E-03   0.7877536E-03  -0.1619930E-02  -0.1510041E-02   0.5947660E-04   0.6007870E-03 
   0.9125396E+00   0.5736362E-03   0.3372021E-03  -0.2942054E-02   0.3415427E-02   0.1959231E-02   0.2282236E-02 
   0.1013933E+01   0.1245772E-02  -0.2292260E-02  -0.1965071E-02  -0.5917933E-02  -0.3636964E-02  -0.3187225E-02 
   0.1115326E+01  -0.7683159E-02  -0.2918611E-02  -0.1424611E-02  -0.2658111E-01  -0.1876807E-01  -0.1728892E-01 
   0.1216720E+01  -0.7265190E-02  -0.5112283E-02  -0.1944416E-02   0.1559881E-01   0.3906183E-02   0.4258703E-02 
   0.1318113E+01  -0.1431567E-02  -0.5768670E-02  -0.5786598E-02  -0.3080408E-02   0.2399011E-02   0.4215090E-03 
   0.1419506E+01  -0.1681934E-02  -0.2964795E-02  -0.7619482E-02   0.2505355E-01   0.2449247E-01   0.2148770E-01 
   0.1520899E+01   0.3923928E-01   0.3020367E-02  -0.4952980E-02   0.9615730E-01   0.6058463E-01   0.5585469E-01 
   0.1622293E+01  -0.2139019E-01   0.1572262E-01   0.2950422E-02  -0.1711333E+00  -0.1116427E+00  -0.9540729E-01 
   0.1723686E+01  -0.6539269E-01  -0.1008303E-01   0.1800664E-01  -0.1731964E+00  -0.1231127E+00  -0.1153246E+00 
   0.1825079E+01   0.1696662E-01  -0.3814749E-01   0.8160451E-02   0.1514825E+00   0.1521882E+00   0.1116189E+00 
   0.1926473E+01   0.7950999E-01   0.9010667E-02  -0.2767629E-01   0.2282151E+00   0.1783197E+00   0.1810292E+00 
   0.2027866E+01   0.9591197E-01   0.7642425E-01  -0.3529807E-01  -0.9313788E-01  -0.6219618E-01  -0.4936227E-01 
   0.2129259E+01  -0.4727050E-01   0.6746783E-01   0.5013234E-01  -0.8623394E-01  -0.1187658E+00  -0.1099273E+00 
   0.2230652E+01  -0.1227074E+00  -0.3943485E-01   0.1282991E+00  -0.1618631E+00  -0.2067745E+00  -0.1902473E+00 
   0.2332046E+01  -0.1498555E+00  -0.8748004E-01   0.6207225E-01  -0.2083564E+00  -0.2360566E+00  -0.2214929E+00 
   0.2433439E+01  -0.2677354E-01  -0.6353334E-01  -0.1111783E+00   0.1365580E+00   0.1713799E+00   0.1605144E+00 
   0.2534832E+01   0.4412310E+00   0.1490549E-01  -0.2204384E+00  -0.6162785E-01   0.1110879E+00   0.9185927E-01 
   0.2636226E+01  -0.4501606E-01   0.1215410E+00  -0.1300025E+00   0.9094673E-02   0.1045991E+00   0.5699399E-01 
   0.2737619E+01  -0.1601689E+00  -0.5696849E-01   0.1602314E+00   0.3870544E+00   0.2751173E+00   0.2567113E+00 
   0.2839012E+01  -0.8374871E-01  -0.1393242E+00   0.2085631E+00   0.1400910E+00   0.1591266E-01   0.6224323E-01 
   0.2940405E+01   0.8072180E-01   0.1335591E+00   0.1928006E-01  -0.1831182E+00  -0.1330527E+00  -0.1086017E+00 
   0.3041799E+01  -0.9450008E-01   0.2004169E+00  -0.7156009E-01  -0.1132689E+00  -0.9356695E-01  -0.9204093E-01 
   0.3143192E+01   0.1881346E+00  -0.9161055E-01   0.5477115E-01   0.1841640E+00   0.1158411E+00   0.1129176E+00 
   0.3244585E+01   0.3483920E-01  -0.9672357E-01   0.3084593E-01  -0.1206473E+00  -0.9603356E-01  -0.9202801E-01 
   0.3345979E+01  -0.1762874E+00   0.8964900E-01  -0.4509606E-01   0.5770710E-01  -0.8470215E-01  -0.7908965E-01 
   0.3447372E+01  -0.1716465E+00  -0.5932292E-01  -0.4925341E-01   0.1086810E+00   0.4144601E-01   0.2240213E-01 
   0.3548765E+01   0.1772030E+00  -0.2006983E+00  -0.5785552E-01  -0.4529285E-01   0.1590224E-01   0.1536624E-01 
   0.3650159E+01   0.9914404E-01   0.1197627E-01  -0.1553822E+00   0.1517349E+00   0.1226270E+00   0.1083768E+00 
   0.3751552E+01  -0.4830587E-01   0.1355134E+00  -0.9978546E-01   0.1986554E+00   0.1139791E+00   0.1397878E+00 
   0.3852945E+01  -0.4352334E-01  -0.2363649E-01   0.1019018E+00  -0.9852412E-01  -0.6436378E-01  -0.4866520E-01 
   0.3954338E+01  -0.3422430E-01  -0.5061100E-01   0.2035940E+00  -0.1447735E+00  -0.8136493E-01  -0.7177832E-01 
   0.4055732E+01  -0.1246391E+00   0.7837422E-01   0.9809635E-01  -0.5891165E-01  -0.2439239E-02  -0.2097371E-01 
   0.4157125E+01   0.9080629E-01   0.7627087E-01  -0.1707291E-01  -0.3527430E-01  -0.5536405E-01  -0.7665831E-01 
   0.4258518E+01   0.9343228E-01  -0.4555792E-02  -0.6127772E-01  -0.5826368E-01  -0.6992563E-01  -0.7073310E-01 
   0.4359912E+01   0.9986419E-01  -0.2346516E-01  -0.4181928E-01  -0.7799638E-04  -0.3084200E-02   0.2528019E-01 
   0.4461305E+01  -0.1150328E+00   0.1433604E-03  -0.1616583E-01  -0.4782410E-01  -0.1998794E-01  -0.2062866E-01 
   0.4562698E+01  -0.1560514E+00  -0.6114412E-01   0.1759045E-01  -0.7649925E-01  -0.3880612E-01  -0.3288998E-01 
   0.4664091E+01   0.1124762E+00  -0.9790761E-01  -0.1071670E-01   0.1522562E+00   0.1409602E+00   0.1309793E+00 
   0.4765485E+01   0.2657886E+00   0.7503779E-01  -0.8942577E-01   0.1874713E+00   0.1585983E+00   0.1649089E+00 
   0.4866878E+01  -0.6928354E-01   0.2014250E+00  -0.3996531E-01  -0.1169195E+00  -0.8679474E-01  -0.7587979E-01 
   0.4968271E+01  -0.2846317E+00  -0.2662933E-01   0.1903826E+00   0.1105398E+00  -0.5181737E-01  -0.1679271E-01 
   0.5069665E+01  -0.4234509E-01  -0.2094813E+00   0.1979901E+00  -0.1838438E+00  -0.1058174E+00  -0.9658457E-01 
   0.5171058E+01   0.1158795E+00   0.4303349E-01  -0.6527129E-01   0.1317542E+00   0.8469974E-01   0.8387456E-01 
   0.5272451E+01   0.1423266E+00   0.1961000E+00  -0.2358743E+00   0.2529117E-01   0.2074242E-01   0.4231264E-01 
   0.5373845E+01  -0.1706463E-01  -0.5230003E-02  -0.6203063E-01  -0.3024414E-01  -0.6667882E-01  -0.5164127E-01 
   0.5475238E+01  -0.2156363E-01  -0.1850315E+00   0.1357817E+00  -0.8749420E-01   0.1569523E-01  -0.5315089E-02 
   0.5576631E+01  -0.1972698E+00  -0.3165774E-01   0.8407075E-01   0.1286786E+00   0.1761515E-01   0.6209102E-01 
   0.5678024E+01  -0.9958960E-01   0.6999408E-01  -0.7340416E-01  -0.1425371E+00  -0.9419631E-01  -0.9165674E-01 
   0.5779418E+01   0.7056772E-01  -0.3371731E-01  -0.9555985E-01   0.4920114E-01   0.3429092E-02  -0.3470898E-02 
   0.5880811E+01   0.1668468E+00  -0.9117550E-01  -0.7930701E-01  -0.1293092E+00  -0.5791316E-01  -0.5669008E-01 
   0.5982204E+01  -0.9136536E-01   0.2068539E-01  -0.4357789E-01   0.1432331E+00   0.7296254E-01   0.7538294E-01 
   0.6083598E+01  -0.5860378E-01   0.6486856E-02   0.1704169E-01  -0.4095519E-01   0.2549798E-01   0.3455080E-01 
   0.6184991E+01  -0.9300096E-02  -0.2513869E-01   0.7110594E-01  -0.1053222E-01  -0.4441096E-01  -0.2940901E-01 
   0.6286384E+01   0.2291456E-01   0.2429231E-01   0.4214946E-01  -0.4878033E-01  -0.6526772E-02  -0.5427436E-02 
   0.6387777E+01   0.2939789E-01   0.8149876E-01   0.1149109E-01   0.4860804E-01   0.2957188E-01   0.3240933E-01 
   0.6489171E+01   0.9820519E-01   0.5418526E-01   0.2784918E-01  -0.1002890E+00  -0.7664173E-02  -0.3718301E-01 
   0.6590564E+01   0.1773597E-01   0.3179505E-01   0.7280720E-01   0.8487969E-02   0.1385103E-01   0.9733477E-02 
   0.6691957E+01  -0.2544263E-01   0.1471173E-01   0.7244646E-01   0.6011132E-01   0.6058834E-01   0.4047483E-01 
   0.6793351E+01  -0.1189405E-01   0.9534698E-02   0.2918806E-01   0.6931097E-01  -0.7202939E-02   0.6868261E-02 
   0.6894744E+01   0.2620153E-01   0.3387234E-02  -0.3417879E-01  -0.6735535E-01  -0.4915606E-01  -0.4926652E-01 
   0.6996137E+01   0.4370969E-03  -0.8519866E-02  -0.5351448E-01   0.5576048E-01   0.2963366E-01   0.2082175E-01 
   0.7097531E+01  -0.1625562E-01  -0.4481153E-01  -0.4549663E-01  -0.6104835E-01  -0.2091270E-01  -0.2821544E-01 
   0.7198924E+01  -0.5503888E-01  -0.5400620E-01  -0.2785468E-01   0.5871808E-01   0.3896673E-01   0.3809380E-01 
   0.7300317E+01  -0.1409466E-01  -0.4327495E-01  -0.3896230E-01   0.4533278E-01   0.2638416E-01   0.4589171E-01 
   0.7401710E+01  -0.6175943E-01  -0.1347820E-01  -0.5022502E-01  -0.4512468E-01  -0.4900467E-01  -0.4048115E-01 
   0.7503104E+01   0.2110444E-01  -0.2460851E-01  -0.2875268E-01  -0.1069606E-01   0.2595547E-01   0.2150040E-01 
   0.7604497E+01   0.5798340E-02  -0.1460710E-01  -0.6861155E-02  -0.3647181E-01  -0.3106403E-01  -0.2562623E-01 
   0.7705890E+01  -0.2561515E-01   0.1202447E-01   0.1002627E-01  -0.2450484E-01  -0.3852129E-01  -0.3668801E-01 
   0.7807284E+01  -0.1363717E-01   0.6631190E-02   0.2754506E-01   0.6102609E-01   0.2837214E-01   0.3470012E-01 
   0.7908677E+01   0.5611986E-01   0.9063177E-02   0.2221946E-01  -0.3816893E-01  -0.2384132E-01  -0.1392606E-01 
   0.8010070E+01  -0.1595675E-01   0.4370463E-01   0.1277096E-01  -0.2266477E-01  -0.6079020E-02  -0.1688413E-01 
   0.8111463E+01   0.6390670E-01   0.2629915E-01   0.3063969E-01   0.7667959E-01   0.6231737E-01   0.5739242E-01 
   0.8212857E+01   0.7942927E-01   0.3493162E-01   0.3779064E-01   0.1080190E-01   0.2678408E-01   0.3124561E-01 
   0.8314250E+01  -0.2576794E-01   0.6843889E-01   0.4917235E-01   0.3846581E-01   0.6334361E-03   0.1754957E-01 
   0.8415643E+01  -0.5284592E-01   0.1890705E-01   0.6503191E-01  -0.2694285E-01  -0.1336644E-01  -0.1549478E-01 
   0.8517037E+01   0.2422355E-01  -0.2782093E-01   0.4146848E-01  -0.1996479E-01  -0.3789463E-01  -0.3172153E-01 
   0.8618430E+01  -0.3425734E-01  -0.8762748E-03  -0.3567977E-01  -0.8478573E-01  -0.7637493E-01  -0.6819628E-01 
   0.8719823E+01  -0.2633056E-01  -0.1961229E-01  -0.7440435E-01   0.2961905E-01   0.2387791E-01   0.5965926E-02 
   0.8821216E+01   0.7112081E-01  -0.7118550E-01  -0.6883600E-01   0.1112007E+00   0.8057890E-01   0.8006833E-01 
   0.8922610E+01   0.3977038E-01  -0.1613103E-01  -0.6587124E-01  -0.8863402E-01  -0.6173648E-01  -0.4448227E-01 
   0.9024003E+01  -0.1820322E+00   0.2123511E-01  -0.1730055E-01  -0.7372584E-01  -0.4244272E-01  -0.3705799E-01 
   0.9125396E+01  -0.5030406E-01  -0.8793576E-01   0.4839661E-01   0.3758937E-01   0.4621477E-01   0.4411490E-01 
   0.9226790E+01  -0.7143461E-02  -0.7367978E-01  -0.3934029E-02  -0.4169898E-01  -0.2991400E-01  -0.2839469E-01 
   0.9328183E+01   0.1230870E+00   0.5963239E-01  -0.8687253E-01  -0.1023017E+00  -0.2203573E-01  -0.4933891E-01 
   0.9429576E+01   0.2718106E-01   0.8296748E-01  -0.4987883E-01   0.6805337E-02   0.2859573E-01  -0.1085671E-02 
   0.9530970E+01  -0.1080631E+00  -0.4735137E-01   0.7834288E-01   0.9785392E-01  -0.5113098E-02   0.2271896E-02 
   0.9632363E+01   0.1963903E-01  -0.8546502E-01   0.9578038E-01   0.1074829E+00   0.5775513E-01   0.6064734E-01 
   0.9733756E+01   0.1040677E+00   0.8898671E-01  -0.2221150E-01  -0.1463302E+00  -0.7737249E-01  -0.7897845E-01 
   0.9835149E+01  -0.6610840E-01   0.1392256E+00  -0.3211298E-01   0.1314660E+00   0.6645739E-01   0.7044452E-01 
   0.9936543E+01   0.7486303E-01  -0.5280908E-01   0.6683972E-01  -0.2651536E-01  -0.9547714E-02   0.3181178E-02 
