   0.0000000E+00   0.0000000E+00 
   0.1013933E+00   0.4043388E-05 
   0.2027866E+00   0.1923195E-03 
   0.3041799E+00   0.9528726E-03 
   0.4055732E+00   0.3382537E-02 
   0.5069665E+00  -0.3088854E-03 
   0.6083598E+00  -0.3594566E-02 
   0.7097531E+00  -0.1829802E-02 
   0.8111463E+00  -0.7557385E-04 
   0.9125396E+00   0.1087483E-02 
   0.1013933E+01   0.6500255E-03 
   0.1115326E+01  -0.4977106E-02 
   0.1216720E+01  -0.7449917E-02 
   0.1318113E+01   0.1121258E-02 
   0.1419506E+01   0.5800373E-02 
   0.1520899E+01   0.2641081E-01 
   0.1622293E+01  -0.6312062E-02 
   0.1723686E+01  -0.6510711E-01 
   0.1825079E+01  -0.1196881E-01 
   0.1926473E+01   0.8034637E-01 
   0.2027866E+01   0.1327528E+00 
   0.2129259E+01  -0.1593734E-01 
   0.2230652E+01  -0.1934615E+00 
   0.2332046E+01  -0.2036116E+00 
   0.2433439E+01  -0.6239387E-02 
   0.2534832E+01   0.1782179E+00 
   0.2636226E+01   0.1469996E+00 
   0.2737619E+01  -0.3601692E-02 
   0.2839012E+01   0.8184619E-01 
   0.2940405E+01  -0.1886092E-01 
   0.3041799E+01  -0.1173952E+00 
   0.3143192E+01  -0.1207727E+00 
   0.3244585E+01   0.1418447E-01 
   0.3345979E+01  -0.4572063E-01 
   0.3447372E+01  -0.1945678E-01 
   0.3548765E+01   0.5314657E-01 
   0.3650159E+01   0.7416928E-01 
   0.3751552E+01   0.5698998E-01 
   0.3852945E+01   0.8525895E-01 
   0.3954338E+01  -0.3655165E-01 
   0.4055732E+01  -0.1136809E+00 
   0.4157125E+01  -0.1150679E+00 
   0.4258518E+01  -0.5780754E-01 
   0.4359912E+01   0.4534876E-01 
   0.4461305E+01   0.6656911E-01 
   0.4562698E+01   0.2391790E-01 
   0.4664091E+01   0.6882519E-01 
   0.4765485E+01   0.1166449E+00 
   0.4866878E+01   0.2701182E-01 
   0.4968271E+01  -0.1158536E+00 
   0.5069665E+01  -0.1042880E+00 
   0.5171058E+01  -0.4385950E-01 
   0.5272451E+01   0.5447297E-01 
   0.5373845E+01   0.5111799E-01 
   0.5475238E+01   0.4481724E-01 
   0.5576631E+01  -0.1141484E-01 
   0.5678024E+01  -0.5115535E-01 
   0.5779418E+01  -0.5331442E-01 
   0.5880811E+01  -0.1293236E-01 
   0.5982204E+01   0.1976829E-01 
   0.6083598E+01   0.6329325E-01 
   0.6184991E+01   0.4839124E-01 
   0.6286384E+01  -0.5023407E-01 
   0.6387777E+01  -0.1812433E-01 
   0.6489171E+01   0.5033145E-01 
   0.6590564E+01   0.2691313E-01 
   0.6691957E+01  -0.4197093E-01 
   0.6793351E+01  -0.1885473E-01 
   0.6894744E+01  -0.1667108E-01 
   0.6996137E+01  -0.9819459E-02 
   0.7097531E+01   0.3406816E-01 
   0.7198924E+01   0.2182413E-01 
   0.7300317E+01  -0.8661783E-02 
   0.7401710E+01  -0.1004000E-01 
   0.7503104E+01  -0.1348583E-01 
   0.7604497E+01   0.1640609E-01 
   0.7705890E+01  -0.1221133E-01 
   0.7807284E+01  -0.1491284E-01 
   0.7908677E+01  -0.1041714E-01 
   0.8010070E+01   0.1580963E-03 
   0.8111463E+01   0.3161509E-01 
   0.8212857E+01   0.6320248E-01 
   0.8314250E+01  -0.4746176E-02 
   0.8415643E+01  -0.2879491E-01 
   0.8517037E+01  -0.3668384E-01 
   0.8618430E+01  -0.5007036E-01 
   0.8719823E+01  -0.3243821E-01 
   0.8821216E+01   0.6880665E-01 
   0.8922610E+01   0.7754121E-01 
   0.9024003E+01  -0.2878892E-01 
   0.9125396E+01  -0.3418242E-01 
   0.9226790E+01  -0.1938453E-01 
   0.9328183E+01   0.7155501E-02 
   0.9429576E+01   0.1268425E-01 
   0.9530970E+01  -0.4666852E-01 
   0.9632363E+01   0.3478131E-02 
   0.9733756E+01   0.6157951E-01 
   0.9835149E+01  -0.1813078E-01 
   0.9936543E+01   0.2161773E-01 
