   0.0000000E+00   0.0000000E+00 
   0.1013933E+00  -0.4065342E-06 
   0.2027866E+00   0.5540037E-04 
   0.3041799E+00   0.1584624E-02 
   0.4055732E+00   0.1895135E-02 
   0.5069665E+00  -0.2293914E-02 
   0.6083598E+00  -0.3509859E-02 
   0.7097531E+00  -0.5814322E-05 
   0.8111463E+00   0.9336305E-03 
   0.9125396E+00   0.7906073E-03 
   0.1013933E+01  -0.6741253E-03 
   0.1115326E+01  -0.5232251E-02 
   0.1216720E+01  -0.2742463E-02 
   0.1318113E+01   0.3728831E-02 
   0.1419506E+01   0.8836008E-02 
   0.1520899E+01   0.2171693E-01 
   0.1622293E+01  -0.2330005E-01 
   0.1723686E+01  -0.5706232E-01 
   0.1825079E+01   0.2151801E-01 
   0.1926473E+01   0.1036126E+00 
   0.2027866E+01   0.7206650E-01 
   0.2129259E+01  -0.9977819E-01 
   0.2230652E+01  -0.1892504E+00 
   0.2332046E+01  -0.8923518E-01 
   0.2433439E+01   0.1394919E+00 
   0.2534832E+01   0.1584932E+00 
   0.2636226E+01   0.1601398E-01 
   0.2737619E+01  -0.2999137E-01 
   0.2839012E+01   0.7526154E-01 
   0.2940405E+01  -0.1530766E-01 
   0.3041799E+01  -0.1426992E+00 
   0.3143192E+01  -0.1009357E+00 
   0.3244585E+01   0.4533570E-01 
   0.3345979E+01  -0.9725127E-02 
   0.3447372E+01  -0.4831699E-02 
   0.3548765E+01   0.6585588E-01 
   0.3650159E+01   0.7978573E-01 
   0.3751552E+01   0.2078214E-01 
   0.3852945E+01   0.3135949E-01 
   0.3954338E+01  -0.5004325E-01 
   0.4055732E+01  -0.1098422E+00 
   0.4157125E+01  -0.7183781E-01 
   0.4258518E+01  -0.6767202E-02 
   0.4359912E+01   0.4838705E-01 
   0.4461305E+01   0.4493658E-01 
   0.4562698E+01  -0.4459650E-02 
   0.4664091E+01   0.7936178E-01 
   0.4765485E+01   0.1135888E+00 
   0.4866878E+01  -0.5845164E-01 
   0.4968271E+01  -0.1495982E+00 
   0.5069665E+01  -0.7385459E-01 
   0.5171058E+01   0.5844634E-01 
   0.5272451E+01   0.3547907E-01 
   0.5373845E+01  -0.2830808E-01 
   0.5475238E+01   0.9007767E-03 
   0.5576631E+01   0.1920181E-01 
   0.5678024E+01  -0.3166062E-01 
   0.5779418E+01  -0.1694859E-01 
   0.5880811E+01   0.9527272E-02 
   0.5982204E+01   0.4121787E-01 
   0.6083598E+01   0.5110420E-01 
   0.6184991E+01   0.6475460E-02 
   0.6286384E+01  -0.7689492E-01 
   0.6387777E+01  -0.2682584E-01 
   0.6489171E+01   0.4859512E-01 
   0.6590564E+01   0.3909360E-01 
   0.6691957E+01  -0.3603362E-01 
   0.6793351E+01  -0.1735370E-01 
   0.6894744E+01  -0.2353167E-01 
   0.6996137E+01  -0.7585074E-02 
   0.7097531E+01   0.2964014E-01 
   0.7198924E+01   0.3503842E-01 
   0.7300317E+01  -0.4891858E-02 
   0.7401710E+01  -0.2939543E-01 
   0.7503104E+01  -0.1219274E-01 
   0.7604497E+01   0.1724329E-01 
   0.7705890E+01  -0.1008608E-01 
   0.7807284E+01   0.3352152E-02 
   0.7908677E+01  -0.3075439E-03 
   0.8010070E+01  -0.1910639E-01 
   0.8111463E+01   0.2890048E-01 
   0.8212857E+01   0.5537047E-01 
   0.8314250E+01  -0.1393486E-01 
   0.8415643E+01  -0.3503483E-01 
   0.8517037E+01  -0.2981370E-01 
   0.8618430E+01  -0.4271668E-01 
   0.8719823E+01  -0.1306735E-01 
   0.8821216E+01   0.7977360E-01 
   0.8922610E+01   0.4724860E-01 
   0.9024003E+01  -0.5613846E-01 
   0.9125396E+01  -0.2168390E-01 
   0.9226790E+01   0.4218346E-01 
   0.9328183E+01   0.4102442E-01 
   0.9429576E+01  -0.4682209E-01 
   0.9530970E+01  -0.9383620E-01 
   0.9632363E+01   0.4216493E-01 
   0.9733756E+01   0.5443283E-01 
   0.9835149E+01  -0.1773996E-01 
   0.9936543E+01   0.4524653E-01 
