   0.0000000E+00   0.0000000E+00   0.0000000E+00   0.0000000E+00   0.0000000E+00   0.0000000E+00   0.0000000E+00 
   0.1013933E+00   0.8219237E-08   0.8183431E-08   0.8180454E-08   0.1870106E-06  -0.2364849E-07   0.1438982E-06 
   0.2027866E+00  -0.2814247E-06  -0.3837457E-06  -0.3853952E-06   0.6607646E-05  -0.1118102E-05   0.1579017E-05 
   0.3041799E+00  -0.9534535E-05  -0.7437767E-05  -0.7345893E-05  -0.9852301E-04  -0.5034200E-04  -0.5213920E-04 
   0.4055732E+00  -0.4870257E-04  -0.6399284E-04  -0.6399231E-04   0.1623413E-04  -0.1030892E-06  -0.4888289E-05 
   0.5069665E+00  -0.2522384E-04  -0.6987532E-04  -0.8366523E-04   0.1176544E-03   0.6780972E-04   0.5931486E-04 
   0.6083598E+00  -0.1965700E-04  -0.5585020E-04  -0.9179591E-04   0.4944866E-04   0.3327148E-04   0.3414406E-04 
   0.7097531E+00  -0.1270216E-04  -0.2375484E-04  -0.5034375E-04  -0.8399862E-04  -0.3389471E-04  -0.2725680E-04 
   0.8111463E+00   0.7962263E-05   0.1066999E-04   0.2336884E-04   0.6306171E-05  -0.1129732E-05  -0.3772397E-05 
   0.9125396E+00   0.2146680E-04   0.4744610E-04   0.7916270E-04  -0.2239454E-04  -0.1352301E-04  -0.1498971E-04 
   0.1013933E+01   0.2887949E-04   0.7387912E-04   0.9546522E-04   0.3136443E-04   0.1925992E-04   0.1680252E-04 
   0.1115326E+01   0.1180422E-03   0.1587890E-03   0.1711687E-03   0.1655998E-03   0.1151598E-03   0.1067400E-03 
   0.1216720E+01   0.1617573E-03   0.2364907E-03   0.2563694E-03  -0.6511663E-04  -0.8657791E-05  -0.1052640E-04 
   0.1318113E+01   0.1218816E-03   0.2376788E-03   0.2932746E-03  -0.1471292E-04  -0.2982611E-04  -0.1493065E-04 
   0.1419506E+01   0.1589294E-03   0.2854814E-03   0.3740011E-03  -0.1169912E-03  -0.1316777E-03  -0.1129787E-03 
   0.1520899E+01  -0.3465711E-03  -0.2782134E-03  -0.2016598E-03  -0.6894069E-03  -0.4130509E-03  -0.3879490E-03 
   0.1622293E+01  -0.1078716E-04  -0.2167808E-03  -0.2434881E-03   0.1025602E-02   0.6591365E-03   0.5559836E-03 
   0.1723686E+01   0.5705009E-03   0.4268709E-03   0.2149004E-03   0.1218503E-02   0.8414126E-03   0.7860562E-03 
   0.1825079E+01   0.1612472E-03   0.4682687E-03   0.3527947E-03  -0.1470069E-02  -0.8983025E-03  -0.6655488E-03 
   0.1926473E+01  -0.3862448E-03  -0.3448209E-04   0.3134611E-03  -0.3608149E-02  -0.1998389E-02  -0.1875367E-02 
   0.2027866E+01  -0.1574664E-02  -0.1961123E-02  -0.1537673E-02  -0.3166783E-02  -0.1550231E-02  -0.1376380E-02 
   0.2129259E+01  -0.8902777E-03  -0.2183206E-02  -0.2670858E-02  -0.2592147E-02  -0.6580637E-03  -0.5844131E-03 
   0.2230652E+01   0.1611273E-03  -0.9694190E-03  -0.2423647E-02  -0.9962878E-03   0.5178371E-03   0.4282396E-03 
   0.2332046E+01   0.1678861E-02   0.1690894E-02   0.8161214E-03   0.5412081E-03   0.9731451E-03   0.8786236E-03 
   0.2433439E+01   0.2198237E-02   0.3941246E-02   0.4993274E-02  -0.8997578E-03  -0.1696952E-02  -0.1460435E-02 
   0.2534832E+01  -0.2320538E-02   0.1546443E-03   0.2638302E-02  -0.1164695E-01  -0.8583086E-02  -0.7685375E-02 
   0.2636226E+01   0.3274889E-03   0.5266511E-03   0.2103731E-02  -0.8722105E-02  -0.7845985E-02  -0.7133615E-02 
   0.2737619E+01   0.1511574E-02   0.8021064E-03  -0.5809467E-03  -0.1664828E-01  -0.1111916E-01  -0.1067722E-01 
   0.2839012E+01   0.8549034E-04  -0.6773468E-03  -0.3047844E-02  -0.1531220E-01  -0.1175900E-01  -0.1081396E-01 
   0.2940405E+01  -0.2662355E-02  -0.4347768E-02  -0.4716108E-02  -0.1813675E-01  -0.1178811E-01  -0.1107671E-01 
   0.3041799E+01  -0.8978893E-03  -0.2656975E-02  -0.1985127E-02  -0.1471656E-01  -0.9622484E-02  -0.9049825E-02 
   0.3143192E+01  -0.1265542E-02  -0.8113846E-03  -0.1281542E-02  -0.2045574E-01  -0.1091306E-01  -0.1041746E-01 
   0.3244585E+01  -0.2743924E-03   0.2646661E-03  -0.2566986E-03  -0.1512631E-01  -0.8199031E-02  -0.7739557E-02 
   0.3345979E+01   0.1540084E-02   0.1067205E-02   0.1540652E-02  -0.1613632E-01  -0.6701256E-02  -0.6787102E-02 
   0.3447372E+01   0.2871486E-02   0.3785870E-02   0.4257241E-02  -0.1327551E-01  -0.6633318E-02  -0.6276906E-02 
   0.3548765E+01   0.1090036E-02   0.3967633E-02   0.4583277E-02  -0.1549207E-01  -0.7880692E-02  -0.7293648E-02 
   0.3650159E+01   0.7104227E-03   0.2551206E-02   0.4299543E-02  -0.1571856E-01  -0.9026407E-02  -0.8492590E-02 
   0.3751552E+01   0.5865805E-03   0.5260944E-03   0.1873478E-02  -0.1603281E-01  -0.9434155E-02  -0.8916905E-02 
   0.3852945E+01  -0.6190794E-03  -0.1491059E-02  -0.2499099E-02  -0.1502328E-01  -0.1051156E-01  -0.9310192E-02 
   0.3954338E+01  -0.1293680E-02  -0.2910330E-02  -0.5143614E-02  -0.1535690E-01  -0.1009661E-01  -0.9163636E-02 
   0.4055732E+01  -0.6694598E-03  -0.2720241E-02  -0.3938612E-02  -0.1311618E-01  -0.8877600E-02  -0.8035742E-02 
   0.4157125E+01  -0.1637871E-02  -0.2434066E-02  -0.2335455E-02  -0.1324393E-01  -0.7958899E-02  -0.7365493E-02 
   0.4258518E+01  -0.6293589E-03  -0.1197106E-03   0.4588855E-03  -0.9320021E-02  -0.5962010E-02  -0.5926959E-02 
   0.4359912E+01  -0.3646051E-03   0.3962916E-03   0.8841229E-03  -0.1119188E-01  -0.6457366E-02  -0.6758938E-02 
   0.4461305E+01   0.1209596E-02   0.1321682E-02   0.1482580E-02  -0.9368158E-02  -0.6193454E-02  -0.6414215E-02 
   0.4562698E+01   0.2115223E-02   0.2484603E-02   0.2263728E-02  -0.8255160E-02  -0.5529536E-02  -0.5768403E-02 
   0.4664091E+01   0.3904542E-03   0.1739671E-02   0.1889717E-02  -0.1369375E-01  -0.9245115E-02  -0.9071648E-02 
   0.4765485E+01  -0.2169245E-02  -0.1587269E-02  -0.4628435E-03  -0.1699787E-01  -0.1132021E-01  -0.1112791E-01 
   0.4866878E+01  -0.1411801E-02  -0.3191214E-02  -0.2676670E-02  -0.1190171E-01  -0.8826351E-02  -0.8625928E-02 
   0.4968271E+01   0.1223901E-02  -0.7164248E-03  -0.2716982E-02  -0.1086258E-01  -0.7593136E-02  -0.7508458E-02 
   0.5069665E+01   0.8830798E-04  -0.1381196E-03  -0.2577974E-02  -0.1070828E-01  -0.7628815E-02  -0.6933657E-02 
   0.5171058E+01  -0.5932671E-03  -0.2246246E-03   0.3605924E-03  -0.1476176E-01  -0.8454623E-02  -0.8050819E-02 
   0.5272451E+01  -0.1232863E-02  -0.8438144E-03   0.1733842E-02  -0.1153530E-01  -0.6691801E-02  -0.6631434E-02 
   0.5373845E+01   0.6467769E-03   0.1278902E-02   0.2086976E-02  -0.1013696E-01  -0.5603504E-02  -0.5258800E-02 
   0.5475238E+01   0.6507307E-03   0.1217925E-02  -0.2279568E-03  -0.1192191E-01  -0.6799604E-02  -0.6142683E-02 
   0.5576631E+01   0.1855440E-02   0.1411516E-02   0.4466129E-03  -0.1223852E-01  -0.6232120E-02  -0.5789320E-02 
   0.5678024E+01   0.7518760E-03   0.5154738E-03   0.1137954E-02  -0.8685371E-02  -0.4537803E-02  -0.4039670E-02 
   0.5779418E+01   0.7546294E-03   0.2100439E-02   0.3159100E-02  -0.9777926E-02  -0.4692844E-02  -0.4224614E-02 
   0.5880811E+01  -0.1249580E-03   0.1752703E-02   0.2615917E-02  -0.8201294E-02  -0.3921258E-02  -0.3585993E-02 
   0.5982204E+01   0.1612040E-02   0.2127391E-02   0.2745068E-02  -0.9225118E-02  -0.4407762E-02  -0.4193867E-02 
   0.6083598E+01   0.3693198E-03   0.1514971E-03   0.2543158E-04  -0.8329347E-02  -0.5029049E-02  -0.4735188E-02 
   0.6184991E+01  -0.2279719E-03  -0.6403912E-03  -0.1368020E-02  -0.9470975E-02  -0.5548717E-02  -0.5162270E-02 
   0.6286384E+01  -0.1014466E-02  -0.1733961E-02  -0.2232611E-02  -0.7947813E-02  -0.5159970E-02  -0.4903931E-02 
   0.6387777E+01  -0.1256702E-02  -0.2242051E-02  -0.2354871E-02  -0.9552778E-02  -0.6279616E-02  -0.5681019E-02 
   0.6489171E+01  -0.2167653E-02  -0.3135249E-02  -0.3451900E-02  -0.8927262E-02  -0.6331894E-02  -0.5642998E-02 
   0.6590564E+01  -0.1289673E-02  -0.2408561E-02  -0.3174256E-02  -0.9463168E-02  -0.6051011E-02  -0.5484064E-02 
   0.6691957E+01  -0.7450128E-03  -0.1764442E-02  -0.2600497E-02  -0.8339937E-02  -0.5361794E-02  -0.4847985E-02 
   0.6793351E+01  -0.2416631E-03  -0.7171150E-03  -0.1084478E-02  -0.8598348E-02  -0.5349983E-02  -0.4823612E-02 
   0.6894744E+01  -0.1822646E-03   0.1516755E-05   0.2781204E-03  -0.6722322E-02  -0.4352363E-02  -0.3886214E-02 
   0.6996137E+01   0.6536318E-03   0.1289549E-02   0.1863464E-02  -0.7539641E-02  -0.4783201E-02  -0.4224953E-02 
   0.7097531E+01   0.9623934E-03   0.1860347E-02   0.2324313E-02  -0.6662289E-02  -0.4588517E-02  -0.3973007E-02 
   0.7198924E+01   0.1632464E-02   0.2583811E-02   0.2919917E-02  -0.7846064E-02  -0.4834521E-02  -0.4363141E-02 
   0.7300317E+01   0.1112498E-02   0.2055250E-02   0.2488114E-02  -0.7550587E-02  -0.4642693E-02  -0.4331765E-02 
   0.7401710E+01   0.1321380E-02   0.2009734E-02   0.2554711E-02  -0.6634429E-02  -0.4200329E-02  -0.3783991E-02 
   0.7503104E+01   0.4535673E-03   0.1102083E-02   0.1463232E-02  -0.7637216E-02  -0.4682953E-02  -0.4285133E-02 
   0.7604497E+01   0.2284167E-03   0.5361553E-03   0.6485984E-03  -0.7294063E-02  -0.4389055E-02  -0.4031608E-02 
   0.7705890E+01   0.9127433E-04  -0.9525268E-04  -0.1740022E-03  -0.6983909E-02  -0.3769979E-02  -0.3573998E-02 
   0.7807284E+01  -0.5131126E-04  -0.3531741E-03  -0.6098831E-03  -0.7297624E-02  -0.3992274E-02  -0.3766323E-02 
   0.7908677E+01  -0.9422941E-03  -0.1259479E-02  -0.1503685E-02  -0.7073796E-02  -0.3863571E-02  -0.3672897E-02 
   0.8010070E+01  -0.4782091E-03  -0.1103834E-02  -0.1248863E-02  -0.6601539E-02  -0.3885891E-02  -0.3544718E-02 
   0.8111463E+01  -0.1124971E-02  -0.1663614E-02  -0.1942395E-02  -0.8506215E-02  -0.4965198E-02  -0.4567203E-02 
   0.8212857E+01  -0.1690912E-02  -0.2452703E-02  -0.2857422E-02  -0.9107495E-02  -0.5678861E-02  -0.5133971E-02 
   0.8314250E+01  -0.1038806E-02  -0.2327980E-02  -0.2858109E-02  -0.8558131E-02  -0.5125479E-02  -0.4835583E-02 
   0.8415643E+01  -0.4968951E-03  -0.1545425E-02  -0.2303606E-02  -0.8153259E-02  -0.5273238E-02  -0.4748607E-02 
   0.8517037E+01  -0.5162679E-03  -0.7779820E-03  -0.1312335E-02  -0.8494969E-02  -0.4973022E-02  -0.4541022E-02 
   0.8618430E+01   0.4865117E-03   0.7027762E-03   0.9644994E-03  -0.6466228E-02  -0.3766999E-02  -0.3544534E-02 
   0.8719823E+01   0.1250254E-02   0.2176655E-02   0.2949929E-02  -0.6747784E-02  -0.4045596E-02  -0.3738118E-02 
   0.8821216E+01   0.9461452E-03   0.2563250E-02   0.3366030E-02  -0.8922688E-02  -0.5918464E-02  -0.5456294E-02 
   0.8922610E+01   0.3787899E-03   0.1351201E-02   0.2094774E-02  -0.8106327E-02  -0.5399132E-02  -0.5156347E-02 
   0.9024003E+01   0.1830177E-02   0.1762362E-02   0.1983643E-02  -0.6635728E-02  -0.5025466E-02  -0.4750331E-02 
   0.9125396E+01   0.1137666E-02   0.1581608E-02   0.1086034E-02  -0.8722785E-02  -0.6340209E-02  -0.5787168E-02 
   0.9226790E+01   0.8729535E-03   0.1690355E-02   0.1649272E-02  -0.7270565E-02  -0.5687888E-02  -0.5062306E-02 
   0.9328183E+01  -0.9247330E-03  -0.5131973E-03   0.4510151E-03  -0.9514064E-02  -0.6364581E-02  -0.5833020E-02 
   0.9429576E+01  -0.6255334E-03  -0.9156139E-03  -0.2679167E-03  -0.9216695E-02  -0.6071291E-02  -0.5549782E-02 
   0.9530970E+01   0.9067350E-03   0.5799657E-03  -0.1958392E-03  -0.6765799E-02  -0.3981452E-02  -0.3750061E-02 
   0.9632363E+01  -0.1172214E-03  -0.1379979E-03  -0.1193750E-02  -0.9236180E-02  -0.5477888E-02  -0.4978679E-02 
   0.9733756E+01  -0.1965011E-02  -0.2671385E-02  -0.2505352E-02  -0.8958265E-02  -0.5248503E-02  -0.4759033E-02 
   0.9835149E+01  -0.3675727E-03  -0.1542999E-02  -0.1127635E-02  -0.8173587E-02  -0.4718516E-02  -0.4464593E-02 
   0.9936543E+01  -0.1100421E-02  -0.1345419E-02  -0.2056607E-02  -0.8389853E-02  -0.5220179E-02  -0.4767777E-02 
