   0.0000000E+00   0.0000000E+00   0.0000000E+00   0.0000000E+00   0.0000000E+00   0.0000000E+00   0.0000000E+00 
   0.1013933E+00   0.4653541E-08   0.4716432E-08   0.4716578E-08  -0.1264417E-07  -0.2251084E-07  -0.9305458E-07 
   0.2027866E+00  -0.4219346E-06  -0.3297426E-06  -0.3275877E-06  -0.9880104E-06  -0.1968266E-05  -0.4479347E-05 
   0.3041799E+00  -0.3961947E-05  -0.4732421E-05  -0.4740239E-05  -0.1013778E-04  -0.8679744E-05  -0.1215328E-04 
   0.4055732E+00  -0.9294436E-05  -0.1421126E-04  -0.1512570E-04   0.3615272E-05   0.9116584E-06   0.9825319E-05 
   0.5069665E+00  -0.2695270E-05  -0.1110472E-04  -0.1530116E-04   0.1771529E-04   0.1632690E-04   0.1787451E-04 
   0.6083598E+00   0.8896959E-06  -0.1610526E-05  -0.7920977E-05  -0.3649559E-05   0.3753020E-05  -0.3495619E-05 
   0.7097531E+00  -0.7482775E-05  -0.5409287E-05  -0.5819496E-05  -0.2447158E-04  -0.1359103E-04  -0.1456020E-04 
   0.8111463E+00   0.1080663E-04   0.1070151E-04   0.1692493E-04   0.1906907E-04   0.8220037E-05   0.1150151E-04 
   0.9125396E+00   0.1737617E-04   0.2666516E-04   0.3048723E-04   0.9352298E-05   0.3349379E-05   0.5854017E-05 
   0.1013933E+01   0.1469997E-04   0.3350496E-04   0.3710144E-04  -0.1141564E-04  -0.2004924E-05   0.7882869E-06 
   0.1115326E+01   0.2588124E-04   0.4007049E-04   0.5103281E-04   0.7409342E-05   0.1220548E-04   0.9779379E-05 
   0.1216720E+01   0.2932264E-04   0.4495040E-04   0.5693343E-04  -0.2276242E-05   0.3930002E-05  -0.8628400E-05 
   0.1318113E+01   0.2354776E-05   0.2243122E-04   0.2978245E-04  -0.1727405E-04  -0.1657346E-04  -0.4601328E-05 
   0.1419506E+01  -0.1308328E-04  -0.9317992E-05  -0.3978705E-05  -0.3817933E-04  -0.4677577E-04  -0.6766744E-04 
   0.1520899E+01  -0.5318388E-04  -0.7602005E-04  -0.7950598E-04  -0.3801508E-04  -0.5413765E-04  -0.1284656E-04 
   0.1622293E+01   0.7198898E-05  -0.4149302E-04  -0.6625078E-04   0.1737840E-03   0.1478176E-03   0.1805082E-03 
   0.1723686E+01   0.1112107E-03   0.1041714E-03   0.6683682E-04   0.1329245E-03   0.1630661E-03   0.6456351E-04 
   0.1825079E+01  -0.9294095E-04  -0.2421411E-04  -0.1481359E-04  -0.3931700E-03  -0.2632702E-03  -0.3432481E-03 
   0.1926473E+01  -0.1982861E-03  -0.2278919E-03  -0.1550817E-03  -0.2592885E-03  -0.3263547E-03  -0.2810735E-03 
   0.2027866E+01  -0.1448600E-03  -0.3247162E-03  -0.3378014E-03   0.4195224E-03   0.1336577E-03   0.4565468E-03 
   0.2129259E+01  -0.1803046E-04  -0.1769900E-03  -0.3688677E-03   0.3962445E-03   0.4352731E-03   0.4600180E-03 
   0.2230652E+01   0.1401689E-03   0.1271712E-03  -0.4050104E-04  -0.8137909E-04   0.2460418E-03   0.4385099E-04 
   0.2332046E+01   0.1808169E-03   0.3033674E-03   0.4018292E-03  -0.3392080E-03  -0.4673917E-04  -0.2337024E-03 
   0.2433439E+01   0.2755838E-03   0.5452380E-03   0.8279275E-03  -0.2076990E-03  -0.3920720E-03  -0.5482849E-03 
   0.2534832E+01  -0.1075236E-03   0.2332485E-03   0.4615771E-03  -0.3087214E-03  -0.7442452E-03  -0.4715491E-04 
   0.2636226E+01   0.4203262E-03   0.5128757E-03   0.5739382E-03   0.9736475E-03   0.5341138E-03   0.6340983E-03 
   0.2737619E+01   0.5796935E-03   0.6489050E-03   0.5521677E-03  -0.2089920E-03   0.2205877E-03  -0.4940197E-03 
   0.2839012E+01  -0.1292785E-02  -0.1308193E-02  -0.1339718E-02  -0.2610651E-02  -0.1172533E-02  -0.1615799E-02 
   0.2940405E+01  -0.7664693E-03  -0.1677062E-02  -0.1715326E-02  -0.6151440E-03   0.2574162E-03   0.2357525E-03 
   0.3041799E+01   0.4646129E-03  -0.3210314E-03  -0.9352313E-03   0.6980685E-04   0.9359698E-03   0.2002623E-03 
   0.3143192E+01  -0.8962019E-04   0.2002320E-03  -0.4699003E-03  -0.1620505E-02  -0.7784434E-03  -0.9880059E-03 
   0.3244585E+01  -0.5138773E-03  -0.2187839E-03   0.2167252E-03  -0.1517757E-02  -0.1273715E-02  -0.9965428E-03 
   0.3345979E+01   0.1007258E-02   0.1010190E-02   0.1932068E-02   0.5265584E-03   0.4029803E-03   0.3398916E-03 
   0.3447372E+01   0.7882311E-03   0.1744144E-02   0.1851492E-02  -0.1511043E-02  -0.1923734E-03  -0.9289878E-03 
   0.3548765E+01   0.1397279E-03   0.1083261E-02   0.9961767E-03  -0.2510417E-02  -0.1025509E-02  -0.1329073E-02 
   0.3650159E+01   0.5989969E-03   0.3493540E-03   0.7836435E-03  -0.2102198E-02  -0.6263330E-03  -0.1180850E-02 
   0.3751552E+01   0.1596017E-03  -0.1348034E-03  -0.2196015E-04  -0.2341850E-02  -0.3796651E-03  -0.8275005E-03 
   0.3852945E+01  -0.1339992E-02  -0.1252253E-02  -0.1745521E-02  -0.3206877E-02  -0.7972242E-03  -0.1154178E-02 
   0.3954338E+01  -0.9362935E-03  -0.1782099E-02  -0.2131264E-02  -0.1089359E-02   0.1080167E-03  -0.1574633E-03 
   0.4055732E+01  -0.1155776E-03  -0.1331855E-02  -0.1671322E-02  -0.1416238E-03   0.4827395E-03  -0.3665668E-04 
   0.4157125E+01  -0.4121912E-03  -0.6136657E-03  -0.1210791E-02  -0.6772002E-03  -0.3738677E-03  -0.3523733E-03 
   0.4258518E+01  -0.1411386E-04   0.3042730E-03   0.2238807E-03  -0.5752589E-03  -0.6587609E-03  -0.6461413E-03 
   0.4359912E+01   0.7458523E-03   0.1059275E-02   0.1749335E-02  -0.6271121E-03  -0.3807045E-03  -0.4582791E-03 
   0.4461305E+01   0.5600493E-03   0.1365237E-02   0.1990380E-02  -0.1812667E-02  -0.3997567E-03  -0.8475069E-03 
   0.4562698E+01   0.5072072E-03   0.1377836E-02   0.1605939E-02  -0.1800390E-02  -0.4741498E-03  -0.8953876E-03 
   0.4664091E+01   0.3636389E-03   0.5634580E-03   0.6793187E-03  -0.2424500E-02  -0.9554663E-03  -0.1491002E-02 
   0.4765485E+01  -0.2822497E-03  -0.6836719E-03  -0.7193039E-03  -0.2286231E-02  -0.8127699E-03  -0.7856549E-03 
   0.4866878E+01  -0.3288959E-03  -0.9381265E-03  -0.1342493E-02  -0.8054846E-03   0.5696838E-03   0.4617272E-03 
   0.4968271E+01  -0.2320000E-03  -0.6822659E-03  -0.1231052E-02  -0.5862689E-03   0.6919867E-03  -0.4724434E-04 
   0.5069665E+01  -0.9449604E-03  -0.1189918E-02  -0.1368304E-02  -0.2007375E-02  -0.8233239E-03  -0.1111001E-02 
   0.5171058E+01  -0.5510675E-03  -0.9523856E-03  -0.7603264E-03  -0.1489269E-02  -0.8303185E-03  -0.8426809E-03 
   0.5272451E+01   0.9091570E-03   0.8152876E-03   0.7793605E-03   0.8970952E-04   0.3750229E-03   0.4532474E-03 
   0.5373845E+01   0.6414527E-03   0.1406379E-02   0.1243559E-02  -0.1362575E-02  -0.2888274E-03  -0.4479072E-03 
   0.5475238E+01   0.2579932E-03   0.1092911E-02   0.1592118E-02  -0.2234489E-02  -0.9435570E-03  -0.1394474E-02 
   0.5576631E+01   0.9215213E-05   0.2284266E-03   0.1109329E-02  -0.1976890E-02  -0.7088035E-03  -0.1116511E-02 
   0.5678024E+01   0.5113672E-03   0.4959094E-03   0.5702464E-03  -0.5885210E-03   0.5762331E-03   0.1524218E-03 
   0.5779418E+01   0.9349814E-04   0.2080269E-03  -0.5044603E-03  -0.1849327E-02  -0.4824173E-03  -0.6873654E-03 
   0.5880811E+01   0.8695934E-04  -0.1424317E-03  -0.4473585E-03  -0.1372479E-02  -0.6911172E-03  -0.6113601E-03 
   0.5982204E+01  -0.3740884E-03  -0.7712352E-03  -0.4448964E-03  -0.1351321E-02  -0.6128001E-03  -0.8121494E-03 
   0.6083598E+01  -0.5037172E-03  -0.5562138E-03  -0.4131594E-03  -0.9108320E-03  -0.1772269E-03  -0.4293652E-03 
   0.6184991E+01  -0.7937088E-03  -0.8608607E-03  -0.1137175E-02  -0.1470805E-02  -0.3084877E-03  -0.3323115E-03 
   0.6286384E+01   0.4105304E-03  -0.1524407E-03  -0.4955232E-03   0.8703899E-04   0.7176168E-03   0.3751493E-03 
   0.6387777E+01  -0.2491286E-03  -0.5204783E-03  -0.7697779E-03  -0.1810582E-02  -0.8687480E-03  -0.9226019E-03 
   0.6489171E+01  -0.5872100E-03  -0.4898277E-03  -0.4657012E-03  -0.1904735E-02  -0.1163285E-02  -0.1204394E-02 
   0.6590564E+01  -0.2002946E-03  -0.2402895E-03   0.2020924E-04  -0.1746943E-02  -0.6837833E-03  -0.8335479E-03 
   0.6691957E+01   0.6194439E-03   0.5891218E-03   0.6431904E-03  -0.1744575E-03   0.6546201E-03   0.2416394E-04 
   0.6793351E+01   0.1018648E-03   0.3743846E-03   0.1900485E-03  -0.1274969E-02  -0.3724022E-03  -0.4701343E-03 
   0.6894744E+01   0.4400755E-03   0.5859560E-03   0.6385295E-03  -0.1594355E-03  -0.7488737E-04   0.6983939E-06 
   0.6996137E+01   0.4246981E-03   0.6135262E-03   0.9108533E-03  -0.1114135E-02  -0.4446853E-03  -0.4339702E-03 
   0.7097531E+01   0.2391938E-03   0.7280535E-03   0.9680110E-03  -0.1044970E-02  -0.3627167E-03  -0.5456613E-03 
   0.7198924E+01  -0.1751156E-04   0.3304930E-03   0.5012469E-03  -0.1255982E-02  -0.3514683E-03  -0.5693946E-03 
   0.7300317E+01   0.4182210E-03   0.3363148E-03   0.4077061E-03  -0.5588396E-03   0.1284649E-03  -0.1088441E-03 
   0.7401710E+01   0.1128058E-03   0.4322058E-04  -0.1124645E-03  -0.1286728E-02  -0.2955275E-03  -0.3308528E-03 
   0.7503104E+01  -0.5834299E-04  -0.3699454E-04  -0.2009475E-03  -0.9277329E-03  -0.2766713E-03  -0.3596663E-03 
   0.7604497E+01  -0.5140696E-03  -0.6412536E-03  -0.5723993E-03  -0.1233617E-02  -0.4154771E-03  -0.5166234E-03 
   0.7705890E+01  -0.2537427E-03  -0.5662237E-03  -0.5088877E-03  -0.1048832E-02  -0.1115041E-03  -0.3482134E-03 
   0.7807284E+01  -0.4104654E-03  -0.6442520E-03  -0.8920761E-03  -0.9815303E-03  -0.1870128E-03  -0.4482959E-03 
   0.7908677E+01  -0.2280604E-04  -0.2809162E-03  -0.6075929E-03  -0.2579986E-03   0.1819761E-03   0.1046378E-03 
   0.8010070E+01  -0.6871901E-04  -0.2010366E-03  -0.2902905E-03  -0.1246086E-02  -0.4953534E-03  -0.4885509E-03 
   0.8111463E+01  -0.1889504E-03  -0.9459976E-04   0.7259059E-04  -0.1299456E-02  -0.7111850E-03  -0.8132566E-03 
   0.8212857E+01  -0.5770611E-03  -0.5328618E-03  -0.3327460E-03  -0.1674784E-02  -0.6521102E-03  -0.8058939E-03 
   0.8314250E+01   0.1699229E-03  -0.8410064E-04  -0.1529980E-03  -0.5123224E-03   0.4077237E-03  -0.1902876E-04 
   0.8415643E+01   0.2592542E-03   0.1513996E-03  -0.2050639E-03  -0.1300765E-02  -0.1100518E-03  -0.3993187E-03 
   0.8517037E+01   0.8178659E-04   0.1927637E-03   0.5182445E-04  -0.1089261E-02  -0.3970946E-03  -0.3457894E-03 
   0.8618430E+01   0.2516626E-03   0.4080515E-03   0.7353498E-03  -0.5352617E-03  -0.7414508E-04  -0.6107486E-04 
   0.8719823E+01   0.5855513E-03   0.1006652E-02   0.1395034E-02  -0.7455888E-03  -0.1031700E-03  -0.4620986E-03 
   0.8821216E+01   0.1582282E-03   0.8091475E-03   0.1005439E-02  -0.2206228E-02  -0.9415313E-03  -0.1247871E-02 
   0.8922610E+01   0.3444159E-03   0.5330031E-03   0.6924532E-03  -0.1365152E-02  -0.2492557E-03  -0.2331274E-03 
   0.9024003E+01   0.4539546E-03   0.3155899E-03   0.3326470E-03  -0.1222802E-02   0.2179342E-03  -0.2365759E-03 
   0.9125396E+01  -0.3390808E-03  -0.3140857E-03  -0.5095621E-03  -0.2380718E-02  -0.8465013E-03  -0.1213294E-02 
   0.9226790E+01  -0.9062161E-03  -0.1200572E-02  -0.1311480E-02  -0.1747219E-02  -0.6563731E-03  -0.9008882E-03 
   0.9328183E+01  -0.9398992E-05  -0.7530231E-03  -0.8859470E-03   0.1822733E-04   0.4809979E-03   0.3122376E-03 
   0.9429576E+01   0.2607405E-03   0.1115221E-03  -0.3095650E-03  -0.6956598E-03   0.9403631E-04  -0.1403561E-03 
   0.9530970E+01   0.1726956E-03   0.6336786E-03   0.5143797E-03  -0.1539170E-02  -0.7899601E-03  -0.9227847E-03 
   0.9632363E+01  -0.1148688E-03   0.1969578E-03   0.8125403E-03  -0.1633673E-02  -0.8321741E-03  -0.1162178E-02 
   0.9733756E+01   0.1484610E-04   0.8928936E-04   0.6422568E-03  -0.1129871E-02  -0.1751427E-03  -0.3862905E-03 
   0.9835149E+01   0.2484251E-03   0.3799552E-03   0.1359033E-03  -0.1550720E-02  -0.1931260E-03  -0.7829016E-03 
   0.9936543E+01  -0.1635058E-03  -0.2320060E-03  -0.7275913E-03  -0.1779352E-02  -0.7555490E-03  -0.1129591E-02 
