   0.0000000E+00   0.0000000E+00 
   0.1013933E+00  -0.8859381E-08 
   0.2027866E+00  -0.7739495E-06 
   0.3041799E+00  -0.4647397E-05 
   0.4055732E+00  -0.2191353E-04 
   0.5069665E+00  -0.5838345E-06 
   0.6083598E+00   0.2238514E-04 
   0.7097531E+00   0.1278675E-04 
   0.8111463E+00   0.8030412E-06 
   0.9125396E+00  -0.6395165E-05 
   0.1013933E+01  -0.4545648E-05 
   0.1115326E+01   0.2821002E-04 
   0.1216720E+01   0.4751667E-04 
   0.1318113E+01  -0.5519205E-05 
   0.1419506E+01  -0.3311423E-04 
   0.1520899E+01  -0.1562480E-03 
   0.1622293E+01   0.1839344E-04 
   0.1723686E+01   0.3905268E-03 
   0.1825079E+01   0.1122260E-03 
   0.1926473E+01  -0.4610861E-03 
   0.2027866E+01  -0.8869668E-03 
   0.2129259E+01  -0.8965723E-05 
   0.2230652E+01   0.1140648E-02 
   0.2332046E+01   0.1264845E-02 
   0.2433439E+01   0.1001448E-03 
   0.2534832E+01  -0.2568363E-02 
   0.2636226E+01  -0.3244150E-02 
   0.2737619E+01  -0.2290937E-02 
   0.2839012E+01  -0.2883716E-02 
   0.2940405E+01  -0.2320453E-02 
   0.3041799E+01  -0.6698731E-03 
   0.3143192E+01  -0.4628603E-04 
   0.3244585E+01  -0.9089835E-03 
   0.3345979E+01  -0.4833269E-03 
   0.3447372E+01  -0.5589443E-03 
   0.3548765E+01  -0.1327990E-02 
   0.3650159E+01  -0.1635123E-02 
   0.3751552E+01  -0.1829307E-02 
   0.3852945E+01  -0.2268500E-02 
   0.3954338E+01  -0.1525913E-02 
   0.4055732E+01  -0.2556158E-03 
   0.4157125E+01  -0.6906935E-04 
   0.4258518E+01  -0.4115443E-03 
   0.4359912E+01  -0.1142114E-02 
   0.4461305E+01  -0.1660050E-02 
   0.4562698E+01  -0.1464120E-02 
   0.4664091E+01  -0.1634698E-02 
   0.4765485E+01  -0.2548860E-02 
   0.4866878E+01  -0.2385774E-02 
   0.4968271E+01  -0.7326927E-03 
   0.5069665E+01  -0.3646698E-03 
   0.5171058E+01  -0.6442135E-03 
   0.5272451E+01  -0.1377716E-02 
   0.5373845E+01  -0.1812503E-02 
   0.5475238E+01  -0.1726429E-02 
   0.5576631E+01  -0.1420399E-02 
   0.5678024E+01  -0.9853256E-03 
   0.5779418E+01  -0.7839950E-03 
   0.5880811E+01  -0.1000461E-02 
   0.5982204E+01  -0.1225758E-02 
   0.6083598E+01  -0.1696143E-02 
   0.6184991E+01  -0.1830489E-02 
   0.6286384E+01  -0.1010081E-02 
   0.6387777E+01  -0.1109472E-02 
   0.6489171E+01  -0.1515968E-02 
   0.6590564E+01  -0.1432418E-02 
   0.6691957E+01  -0.8619003E-03 
   0.6793351E+01  -0.9889620E-03 
   0.6894744E+01  -0.1015722E-02 
   0.6996137E+01  -0.1038376E-02 
   0.7097531E+01  -0.1304389E-02 
   0.7198924E+01  -0.1245009E-02 
   0.7300317E+01  -0.1054853E-02 
   0.7401710E+01  -0.1067729E-02 
   0.7503104E+01  -0.9880171E-03 
   0.7604497E+01  -0.1170240E-02 
   0.7705890E+01  -0.1000566E-02 
   0.7807284E+01  -0.9668334E-03 
   0.7908677E+01  -0.1002722E-02 
   0.8010070E+01  -0.1057897E-02 
   0.8111463E+01  -0.1235487E-02 
   0.8212857E+01  -0.1700115E-02 
   0.8314250E+01  -0.1326687E-02 
   0.8415643E+01  -0.1084212E-02 
   0.8517037E+01  -0.9915736E-03 
   0.8618430E+01  -0.8141436E-03 
   0.8719823E+01  -0.8392933E-03 
   0.8821216E+01  -0.1613589E-02 
   0.8922610E+01  -0.2144173E-02 
   0.9024003E+01  -0.1491404E-02 
   0.9125396E+01  -0.1216576E-02 
   0.9226790E+01  -0.1331823E-02 
   0.9328183E+01  -0.1462403E-02 
   0.9429576E+01  -0.1486553E-02 
   0.9530970E+01  -0.1009383E-02 
   0.9632363E+01  -0.1242004E-02 
   0.9733756E+01  -0.1771885E-02 
   0.9835149E+01  -0.1283744E-02 
   0.9936543E+01  -0.1511118E-02 
