   0.0000000E+00
           1           0   0.0000000000000000     
   0.1013933E+00
           1           0   2.6461794619644470E-009
   0.2027866E+00
           1           0   2.8131476785737236E-007
   0.3041799E+00
           1           0   2.8227389063460193E-006
   0.4055732E+00
           1           0   7.0931446393964518E-006
   0.5069665E+00
           1           0   7.0931446393964518E-006
   0.6083598E+00
           1           0   8.9159644398748420E-006
   0.7097531E+00
           1           0   8.9159644398748420E-006
   0.8111463E+00
           1           0   8.9159644398748420E-006
   0.9125396E+00
           1           0   8.9159644398748420E-006
   0.1013933E+01
           1           0   8.9159644398748420E-006
   0.1115326E+01
           1           0   1.0284806841003074E-005
   0.1216720E+01
           1           0   1.1908448794626740E-005
   0.1318113E+01
           1           0   1.1908448794626740E-005
   0.1419506E+01
           1           0   1.6836238303966752E-005
   0.1520899E+01
           1           0   4.4877294969677011E-005
   0.1622293E+01
           1           0   4.4877294969677011E-005
   0.1723686E+01
           1           0   1.1938961796453915E-004
   0.1825079E+01
           1           0   1.1938961796453915E-004
   0.1926473E+01
           1           0   2.0518206146126383E-004
   0.2027866E+01
           1           0   2.6370656360829794E-004
   0.2129259E+01
           1           0   2.6370656360829794E-004
   0.2230652E+01
           1           0   4.0377974279894746E-004
   0.2332046E+01
           1           0   4.0377974279894746E-004
   0.2433439E+01
           1           0   4.0377974279894746E-004
   0.2534832E+01
           1           0   9.0645465764237166E-004
   0.2636226E+01
           1           0   9.2595472747801586E-004
   0.2737619E+01
           1           0   9.2595472747801586E-004
   0.2839012E+01
           1           0   9.2595472747801586E-004
   0.2940405E+01
           1           0   9.2595472747801586E-004
   0.3041799E+01
           1           0   9.2595472747801586E-004
   0.3143192E+01
           1           0   9.2595472747801586E-004
   0.3244585E+01
           1           0   9.2595472747801586E-004
   0.3345979E+01
           1           0   9.2595472747801586E-004
   0.3447372E+01
           1           0   9.2595472747801586E-004
   0.3548765E+01
           1           0   9.2595472747801586E-004
   0.3650159E+01
           1           0   9.2595472747801586E-004
   0.3751552E+01
           1           0   9.2595472747801586E-004
   0.3852945E+01
           1           0   9.2595472747801586E-004
   0.3954338E+01
           1           0   9.2595472747801586E-004
   0.4055732E+01
           1           0   9.2595472747801586E-004
   0.4157125E+01
           1           0   9.2595472747801586E-004
   0.4258518E+01
           1           0   9.2595472747801586E-004
   0.4359912E+01
           1           0   9.2595472747801586E-004
   0.4461305E+01
           1           0   9.2595472747801586E-004
   0.4562698E+01
           1           0   9.2595472747801586E-004
   0.4664091E+01
           1           0   9.2595472747801586E-004
   0.4765485E+01
           1           0   9.2595472747801586E-004
   0.4866878E+01
           1           0   9.2595472747801586E-004
   0.4968271E+01
           1           0   9.2595472747801586E-004
   0.5069665E+01
           1           0   9.2595472747801586E-004
   0.5171058E+01
           1           0   9.2595472747801586E-004
   0.5272451E+01
           1           0   9.2595472747801586E-004
   0.5373845E+01
           1           0   9.2595472747801586E-004
   0.5475238E+01
           1           0   9.2595472747801586E-004
   0.5576631E+01
           1           0   9.2595472747801586E-004
   0.5678024E+01
           1           0   9.2595472747801586E-004
   0.5779418E+01
           1           0   9.2595472747801586E-004
   0.5880811E+01
           1           0   9.2595472747801586E-004
   0.5982204E+01
           1           0   9.2595472747801586E-004
   0.6083598E+01
           1           0   9.2595472747801586E-004
   0.6184991E+01
           1           0   9.2595472747801586E-004
   0.6286384E+01
           1           0   9.2595472747801586E-004
   0.6387777E+01
           1           0   9.2595472747801586E-004
   0.6489171E+01
           1           0   9.2595472747801586E-004
   0.6590564E+01
           1           0   9.2595472747801586E-004
   0.6691957E+01
           1           0   9.2595472747801586E-004
   0.6793351E+01
           1           0   9.2595472747801586E-004
   0.6894744E+01
           1           0   9.2595472747801586E-004
   0.6996137E+01
           1           0   9.2595472747801586E-004
   0.7097531E+01
           1           0   9.2595472747801586E-004
   0.7198924E+01
           1           0   9.2595472747801586E-004
   0.7300317E+01
           1           0   9.2595472747801586E-004
   0.7401710E+01
           1           0   9.2595472747801586E-004
   0.7503104E+01
           1           0   9.2595472747801586E-004
   0.7604497E+01
           1           0   9.2595472747801586E-004
   0.7705890E+01
           1           0   9.2595472747801586E-004
   0.7807284E+01
           1           0   9.2595472747801586E-004
   0.7908677E+01
           1           0   9.2595472747801586E-004
   0.8010070E+01
           1           0   9.2595472747801586E-004
   0.8111463E+01
           1           0   9.2595472747801586E-004
   0.8212857E+01
           1           0   9.2595472747801586E-004
   0.8314250E+01
           1           0   9.2595472747801586E-004
   0.8415643E+01
           1           0   9.2595472747801586E-004
   0.8517037E+01
           1           0   9.2595472747801586E-004
   0.8618430E+01
           1           0   9.2595472747801586E-004
   0.8719823E+01
           1           0   9.2595472747801586E-004
   0.8821216E+01
           1           0   9.2595472747801586E-004
   0.8922610E+01
           1           0   9.2595472747801586E-004
   0.9024003E+01
           1           0   9.2595472747801586E-004
   0.9125396E+01
           1           0   9.2595472747801586E-004
   0.9226790E+01
           1           0   9.2595472747801586E-004
   0.9328183E+01
           1           0   9.2595472747801586E-004
   0.9429576E+01
           1           0   9.2595472747801586E-004
   0.9530970E+01
           1           0   9.2595472747801586E-004
   0.9632363E+01
           1           0   9.2595472747801586E-004
   0.9733756E+01
           1           0   9.2595472747801586E-004
   0.9835149E+01
           1           0   9.2595472747801586E-004
   0.9936543E+01
           1           0   9.2595472747801586E-004
