   0.0000000E+00
           2           0           0           0   0.0000000000000000        0.0000000000000000        0.0000000000000000     
           3           0   0.0000000000000000     
           4           0   0.0000000000000000     
           5           0   0.0000000000000000     
   0.1013933E+00
           2           0           0           0   1.6617724608961720E-009   2.0963643215647240E-011   4.8821595391310076E-014
           3           0   4.2147218504328163E-009
           4           0   7.5036138256612650E-009
           5           0   3.1018193425305280E-008
   0.2027866E+00
           2           0           0           0   3.7298966707798353E-007   3.0730692346173644E-008   7.1829302012097415E-010
           3           0   5.0688748086577861E-007
           4           0   6.5608879060415572E-007
           5           0   1.4931155148039396E-006
   0.3041799E+00
           2           0           0           0   1.3206489670586314E-006   2.5682461046612132E-007   7.2903362501013097E-009
           3           0   3.3792593432447332E-006
           4           0   2.8932480188093243E-006
           5           0   4.0510937896556682E-006
   0.4055732E+00
           2           0           0           0   3.8896817843577929E-006   1.6389412569746946E-006   3.0481227892046270E-007
           3           0   4.2141245802668609E-006
           4           0   4.5232155077661750E-006
           5           0   5.0360020871711364E-006
   0.5069665E+00
           2           0           0           0   3.8896817843577929E-006   2.8035415666183206E-006   1.3988155354664598E-006
           3           0   5.9050959776938552E-006
           4           0   5.4422990854915183E-006
           5           0   5.9581698154311189E-006
   0.6083598E+00
           2           0           0           0   3.8896817843577929E-006   2.8035415666183206E-006   2.1367332644637880E-006
           3           0   8.8279112886978976E-006
           4           0   7.5861480062420286E-006
           5           0   7.1930312498453793E-006
   0.7097531E+00
           2           0           0           0   3.8896817843577929E-006   2.8035415666183206E-006   2.1367332644637880E-006
           3           0   8.8279112886978976E-006
           4           0   7.5861480062420286E-006
           5           0   7.1930312498453793E-006
   0.8111463E+00
           2           0           0           0   3.8896817843577929E-006   2.8035415666183206E-006   2.1367332644637880E-006
           3           0   8.8279112886978976E-006
           4           0   7.5861480062420286E-006
           5           0   7.1930312498453793E-006
   0.9125396E+00
           2           0           0           0   5.8459271207666016E-006   3.0963277019723535E-006   2.1367332644637880E-006
           3           0   8.8279112886978976E-006
           4           0   7.5861480062420286E-006
           5           0   7.1930312498453793E-006
   0.1013933E+01
           2           0           0           0   5.8459271207666016E-006   6.2683298874325334E-006   2.1367332644637880E-006
           3           0   8.8279112886978976E-006
           4           0   7.5861480062420286E-006
           5           0   7.1930312498453793E-006
   0.1115326E+01
           2           0           0           0   8.6270803572039932E-006   6.3143322050787229E-006   3.6541068003159352E-006
           3           0   8.8279112886978976E-006
           4           0   7.5861480062420286E-006
           5           0   7.1930312498453793E-006
   0.1216720E+01
           2           0           0           0   1.0569729032586619E-005   6.3143322050787229E-006   4.3026084969772418E-006
           3           0   8.8279112886978976E-006
           4           0   7.5861480062420286E-006
           5           0   7.1930312498453793E-006
   0.1318113E+01
           2           0           0           0   1.0569729032586619E-005   6.9104348227553715E-006   4.3026084969772418E-006
           3           0   8.8279112886978976E-006
           4           0   7.5861480062420286E-006
           5           0   7.1930312498453793E-006
   0.1419506E+01
           2           0           0           0   1.0569729032586619E-005   6.9104348227553715E-006   4.3026084969772418E-006
           3           0   1.2726443504512622E-005
           4           0   1.5591923890760585E-005
           5           0   2.2686036377019943E-005
   0.1520899E+01
           2           0           0           0   1.7727961210894209E-005   7.6120539013652041E-006   4.3026084969772418E-006
           3           0   1.4997346597658073E-005
           4           0   1.9758732191057309E-005
           5           0   2.2686036377019943E-005
   0.1622293E+01
           2           0           0           0   2.1284811753303998E-005   1.6230637736506177E-005   8.2525893673624560E-006
           3           0   5.7928005402764402E-005
           4           0   4.9272544221746937E-005
           5           0   6.0169402749435669E-005
   0.1723686E+01
           2           0           0           0   3.7070242140151275E-005   1.6291693275427524E-005   1.2692329357210072E-005
           3           0   6.6355957650930693E-005
           4           0   6.6151248864213698E-005
           5           0   6.0203193166319636E-005
   0.1825079E+01
           2           0           0           0   3.7376926259664898E-005   2.2908948617272900E-005   1.2692329357210072E-005
           3           0   1.3105667556261906E-004
           4           0   8.7756722347953552E-005
           5           0   1.1441602176797445E-004
   0.1926473E+01
           2           0           0           0   7.1435668234938137E-005   2.3000323173304930E-005   2.4270078678290797E-005
           3           0   1.5333183600102813E-004
           4           0   1.3275096632479980E-004
           5           0   1.4407310772882276E-004
   0.2027866E+01
           2           0           0           0   7.4022106647379923E-005   5.9952087778090329E-005   2.4378460223115859E-005
           3           0   1.5333183600102813E-004
           4           0   1.3275096632479980E-004
           5           0   1.5218227415729970E-004
   0.2129259E+01
           2           0           0           0   7.4022106647379923E-005   6.5770007631052883E-005   6.3959256155675368E-005
           3           0   2.0318485285693137E-004
           4           0   1.4509102332872274E-004
           5           0   1.7910723822854720E-004
   0.2230652E+01
           2           0           0           0   7.4022106647379923E-005   6.5770007631052883E-005   7.3147533707897683E-005
           3           0   2.0318485285693137E-004
           4           0   1.9925552593006303E-004
           5           0   1.8239783670924754E-004
   0.2332046E+01
           2           0           0           0   7.4022106647379923E-005   6.5770007631052883E-005   7.3147533707897683E-005
           3           0   2.0318485285693137E-004
           4           0   1.9925552593006303E-004
           5           0   1.8239783670924754E-004
   0.2433439E+01
           2           0           0           0   9.1861264081173006E-005   8.9884740906498028E-005   9.4229822579574221E-005
           3           0   2.0318485285693137E-004
           4           0   1.9925552593006303E-004
           5           0   1.8276161794028602E-004
   0.2534832E+01
           2           0           0           0   9.2528771860124243E-005   1.1900948038190732E-004   9.6053702330106206E-005
           3           0   2.0318485285693137E-004
           4           0   2.8660926243474983E-004
           5           0   2.4039789568822619E-004
   0.2636226E+01
           2           0           0           0   1.4010874147785712E-004   1.1900948038190732E-004   9.6053702330106206E-005
           3           0   3.6999265721696420E-004
           4           0   2.8660926243474983E-004
           5           0   3.7460745662440403E-004
   0.2737619E+01
           2           0           0           0   2.2074092323749140E-004   1.1900948038190732E-004   9.6053702330106206E-005
           3           0   3.6999265721696420E-004
           4           0   2.8660926243474983E-004
           5           0   3.7460745662440403E-004
   0.2839012E+01
           2           0           0           0   4.3092830471574587E-004   1.1900948038190732E-004   9.6053702330106206E-005
           3           0   8.7042546619651702E-004
           4           0   4.2236790889292912E-004
           5           0   5.8308276341710488E-004
   0.2940405E+01
           2           0           0           0   4.6240532252383673E-004   3.0353082748783161E-004   9.6053702330106206E-005
           3           0   8.7887271725516167E-004
           4           0   4.4188184088708992E-004
           5           0   6.2354333530798315E-004
   0.3041799E+01
           2           0           0           0   4.6240532252383673E-004   3.6767883693221388E-004   2.0473328572722876E-004
           3           0   8.7887271725516167E-004
           4           0   4.8357370308807832E-004
           5           0   6.2354333530798315E-004
   0.3143192E+01
           2           0           0           0   4.6240532252383673E-004   3.6767883693221388E-004   2.7051057630566325E-004
           3           0   8.7887271725516167E-004
           4           0   4.8357370308807832E-004
           5           0   6.2354333530798315E-004
   0.3244585E+01
           2           0           0           0   4.6240532252383673E-004   3.6767883693221388E-004   2.7051057630566325E-004
           3           0   8.7887271725516167E-004
           4           0   4.8357370308807832E-004
           5           0   6.2354333530798315E-004
   0.3345979E+01
           2           0           0           0   4.6240532252383673E-004   3.6767883693221388E-004   3.1989192888625247E-004
           3           0   8.7887271725516167E-004
           4           0   4.8357370308807832E-004
           5           0   6.2354333530798315E-004
   0.3447372E+01
           2           0           0           0   4.6240532252383673E-004   3.6767883693221388E-004   3.1989192888625247E-004
           3           0   8.7887271725516167E-004
           4           0   4.8357370308807832E-004
           5           0   6.2354333530798315E-004
   0.3548765E+01
           2           0           0           0   4.6240532252383673E-004   4.1042479566626486E-004   3.1989192888625247E-004
           3           0   1.0180456294343729E-003
           4           0   4.8357370308807832E-004
           5           0   6.2354333530798315E-004
   0.3650159E+01
           2           0           0           0   4.6240532252383673E-004   4.1042479566626486E-004   3.1989192888625247E-004
           3           0   1.0180456294343729E-003
           4           0   4.8357370308807832E-004
           5           0   6.2354333530798315E-004
   0.3751552E+01
           2           0           0           0   4.6240532252383673E-004   4.1042479566626486E-004   3.1989192888625247E-004
           3           0   1.0180456294343729E-003
           4           0   4.8357370308807832E-004
           5           0   6.2354333530798315E-004
   0.3852945E+01
           2           0           0           0   4.6240532252383673E-004   4.1042479566626486E-004   3.1989192888625247E-004
           3           0   1.0882373534387738E-003
           4           0   4.8357370308807832E-004
           5           0   6.2354333530798315E-004
   0.3954338E+01
           2           0           0           0   4.7561263730640392E-004   4.1042479566626486E-004   3.1989192888625247E-004
           3           0   1.0882373534387738E-003
           4           0   4.8357370308807832E-004
           5           0   6.2354333530798315E-004
   0.4055732E+01
           2           0           0           0   4.7561263730640392E-004   4.3840585538281748E-004   3.1989192888625247E-004
           3           0   1.0882373534387738E-003
           4           0   4.8357370308807832E-004
           5           0   6.2354333530798315E-004
   0.4157125E+01
           2           0           0           0   4.7561263730640392E-004   4.3840585538281748E-004   3.1989192888625247E-004
           3           0   1.0882373534387738E-003
           4           0   4.8357370308807832E-004
           5           0   6.2354333530798315E-004
   0.4258518E+01
           2           0           0           0   4.7561263730640392E-004   4.3840585538281748E-004   3.1989192888625247E-004
           3           0   1.0882373534387738E-003
           4           0   4.8357370308807832E-004
           5           0   6.2354333530798315E-004
   0.4359912E+01
           2           0           0           0   4.7561263730640392E-004   4.3840585538281748E-004   3.1989192888625247E-004
           3           0   1.0882373534387738E-003
           4           0   4.8357370308807832E-004
           5           0   6.2354333530798315E-004
   0.4461305E+01
           2           0           0           0   4.7561263730640392E-004   4.3840585538281748E-004   3.1989192888625247E-004
           3           0   1.0882373534387738E-003
           4           0   4.8357370308807832E-004
           5           0   6.2354333530798315E-004
   0.4562698E+01
           2           0           0           0   4.7561263730640392E-004   4.3840585538281748E-004   3.1989192888625247E-004
           3           0   1.0882373534387738E-003
           4           0   4.8357370308807832E-004
           5           0   6.2354333530798315E-004
   0.4664091E+01
           2           0           0           0   4.7561263730640392E-004   4.3840585538281748E-004   3.1989192888625247E-004
           3           0   1.0882373534387738E-003
           4           0   4.8357370308807832E-004
           5           0   6.2354333530798315E-004
   0.4765485E+01
           2           0           0           0   4.7561263730640392E-004   4.3840585538281748E-004   3.1989192888625247E-004
           3           0   1.0882373534387738E-003
           4           0   4.8357370308807832E-004
           5           0   6.2354333530798315E-004
   0.4866878E+01
           2           0           0           0   4.7561263730640392E-004   4.3840585538281748E-004   3.1989192888625247E-004
           3           0   1.0882373534387738E-003
           4           0   4.8357370308807832E-004
           5           0   6.2354333530798315E-004
   0.4968271E+01
           2           0           0           0   4.7561263730640392E-004   4.3840585538281748E-004   3.1989192888625247E-004
           3           0   1.0882373534387738E-003
           4           0   4.8357370308807832E-004
           5           0   6.2354333530798315E-004
   0.5069665E+01
           2           0           0           0   4.7561263730640392E-004   4.3840585538281748E-004   3.1989192888625247E-004
           3           0   1.0882373534387738E-003
           4           0   4.8357370308807832E-004
           5           0   6.2354333530798315E-004
   0.5171058E+01
           2           0           0           0   4.7561263730640392E-004   4.3840585538281748E-004   3.1989192888625247E-004
           3           0   1.0882373534387738E-003
           4           0   4.8357370308807832E-004
           5           0   6.2354333530798315E-004
   0.5272451E+01
           2           0           0           0   4.7561263730640392E-004   4.3840585538281748E-004   3.1989192888625247E-004
           3           0   1.0882373534387738E-003
           4           0   4.8357370308807832E-004
           5           0   6.2354333530798315E-004
   0.5373845E+01
           2           0           0           0   4.7561263730640392E-004   4.3840585538281748E-004   3.1989192888625247E-004
           3           0   1.0882373534387738E-003
           4           0   4.8357370308807832E-004
           5           0   6.2354333530798315E-004
   0.5475238E+01
           2           0           0           0   4.7561263730640392E-004   4.3840585538281748E-004   3.1989192888625247E-004
           3           0   1.0882373534387738E-003
           4           0   4.8357370308807832E-004
           5           0   6.2354333530798315E-004
   0.5576631E+01
           2           0           0           0   4.7561263730640392E-004   4.3840585538281748E-004   3.1989192888625247E-004
           3           0   1.0882373534387738E-003
           4           0   4.8357370308807832E-004
           5           0   6.2354333530798315E-004
   0.5678024E+01
           2           0           0           0   4.7561263730640392E-004   4.3840585538281748E-004   3.1989192888625247E-004
           3           0   1.0882373534387738E-003
           4           0   4.8357370308807832E-004
           5           0   6.2354333530798315E-004
   0.5779418E+01
           2           0           0           0   4.7561263730640392E-004   4.3840585538281748E-004   3.1989192888625247E-004
           3           0   1.0882373534387738E-003
           4           0   4.8357370308807832E-004
           5           0   6.2354333530798315E-004
   0.5880811E+01
           2           0           0           0   4.7561263730640392E-004   4.3840585538281748E-004   3.1989192888625247E-004
           3           0   1.0882373534387738E-003
           4           0   4.8357370308807832E-004
           5           0   6.2354333530798315E-004
   0.5982204E+01
           2           0           0           0   4.7561263730640392E-004   4.3840585538281748E-004   3.1989192888625247E-004
           3           0   1.0882373534387738E-003
           4           0   4.8357370308807832E-004
           5           0   6.2354333530798315E-004
   0.6083598E+01
           2           0           0           0   4.7561263730640392E-004   4.3840585538281748E-004   3.1989192888625247E-004
           3           0   1.0882373534387738E-003
           4           0   4.8357370308807832E-004
           5           0   6.2354333530798315E-004
   0.6184991E+01
           2           0           0           0   4.7561263730640392E-004   4.3840585538281748E-004   3.1989192888625247E-004
           3           0   1.0882373534387738E-003
           4           0   4.8357370308807832E-004
           5           0   6.2354333530798315E-004
   0.6286384E+01
           2           0           0           0   4.7561263730640392E-004   4.3840585538281748E-004   3.1989192888625247E-004
           3           0   1.0882373534387738E-003
           4           0   4.8357370308807832E-004
           5           0   6.2354333530798315E-004
   0.6387777E+01
           2           0           0           0   4.7561263730640392E-004   4.3840585538281748E-004   3.1989192888625247E-004
           3           0   1.0882373534387738E-003
           4           0   4.8357370308807832E-004
           5           0   6.2354333530798315E-004
   0.6489171E+01
           2           0           0           0   4.7561263730640392E-004   4.3840585538281748E-004   3.1989192888625247E-004
           3           0   1.0882373534387738E-003
           4           0   4.8357370308807832E-004
           5           0   6.2354333530798315E-004
   0.6590564E+01
           2           0           0           0   4.7561263730640392E-004   4.3840585538281748E-004   3.1989192888625247E-004
           3           0   1.0882373534387738E-003
           4           0   4.8357370308807832E-004
           5           0   6.2354333530798315E-004
   0.6691957E+01
           2           0           0           0   4.7561263730640392E-004   4.3840585538281748E-004   3.1989192888625247E-004
           3           0   1.0882373534387738E-003
           4           0   4.8357370308807832E-004
           5           0   6.2354333530798315E-004
   0.6793351E+01
           2           0           0           0   4.7561263730640392E-004   4.3840585538281748E-004   3.1989192888625247E-004
           3           0   1.0882373534387738E-003
           4           0   4.8357370308807832E-004
           5           0   6.2354333530798315E-004
   0.6894744E+01
           2           0           0           0   4.7561263730640392E-004   4.3840585538281748E-004   3.1989192888625247E-004
           3           0   1.0882373534387738E-003
           4           0   4.8357370308807832E-004
           5           0   6.2354333530798315E-004
   0.6996137E+01
           2           0           0           0   4.7561263730640392E-004   4.3840585538281748E-004   3.1989192888625247E-004
           3           0   1.0882373534387738E-003
           4           0   4.8357370308807832E-004
           5           0   6.2354333530798315E-004
   0.7097531E+01
           2           0           0           0   4.7561263730640392E-004   4.3840585538281748E-004   3.1989192888625247E-004
           3           0   1.0882373534387738E-003
           4           0   4.8357370308807832E-004
           5           0   6.2354333530798315E-004
   0.7198924E+01
           2           0           0           0   4.7561263730640392E-004   4.3840585538281748E-004   3.1989192888625247E-004
           3           0   1.0882373534387738E-003
           4           0   4.8357370308807832E-004
           5           0   6.2354333530798315E-004
   0.7300317E+01
           2           0           0           0   4.7561263730640392E-004   4.3840585538281748E-004   3.1989192888625247E-004
           3           0   1.0882373534387738E-003
           4           0   4.8357370308807832E-004
           5           0   6.2354333530798315E-004
   0.7401710E+01
           2           0           0           0   4.7561263730640392E-004   4.3840585538281748E-004   3.1989192888625247E-004
           3           0   1.0882373534387738E-003
           4           0   4.8357370308807832E-004
           5           0   6.2354333530798315E-004
   0.7503104E+01
           2           0           0           0   4.7561263730640392E-004   4.3840585538281748E-004   3.1989192888625247E-004
           3           0   1.0882373534387738E-003
           4           0   4.8357370308807832E-004
           5           0   6.2354333530798315E-004
   0.7604497E+01
           2           0           0           0   4.7561263730640392E-004   4.3840585538281748E-004   3.1989192888625247E-004
           3           0   1.0882373534387738E-003
           4           0   4.8357370308807832E-004
           5           0   6.2354333530798315E-004
   0.7705890E+01
           2           0           0           0   4.7561263730640392E-004   4.3840585538281748E-004   3.1989192888625247E-004
           3           0   1.0882373534387738E-003
           4           0   4.8357370308807832E-004
           5           0   6.2354333530798315E-004
   0.7807284E+01
           2           0           0           0   4.7561263730640392E-004   4.3840585538281748E-004   3.1989192888625247E-004
           3           0   1.0882373534387738E-003
           4           0   4.8357370308807832E-004
           5           0   6.2354333530798315E-004
   0.7908677E+01
           2           0           0           0   4.7561263730640392E-004   4.3840585538281748E-004   3.1989192888625247E-004
           3           0   1.0882373534387738E-003
           4           0   4.8357370308807832E-004
           5           0   6.2354333530798315E-004
   0.8010070E+01
           2           0           0           0   4.7561263730640392E-004   4.3840585538281748E-004   3.1989192888625247E-004
           3           0   1.0882373534387738E-003
           4           0   4.8357370308807832E-004
           5           0   6.2354333530798315E-004
   0.8111463E+01
           2           0           0           0   4.7561263730640392E-004   4.3840585538281748E-004   3.1989192888625247E-004
           3           0   1.0882373534387738E-003
           4           0   4.8357370308807832E-004
           5           0   6.2354333530798315E-004
   0.8212857E+01
           2           0           0           0   4.7561263730640392E-004   4.3840585538281748E-004   3.1989192888625247E-004
           3           0   1.0882373534387738E-003
           4           0   4.8357370308807832E-004
           5           0   6.2354333530798315E-004
   0.8314250E+01
           2           0           0           0   4.7561263730640392E-004   4.3840585538281748E-004   3.1989192888625247E-004
           3           0   1.0882373534387738E-003
           4           0   4.8357370308807832E-004
           5           0   6.2354333530798315E-004
   0.8415643E+01
           2           0           0           0   4.7561263730640392E-004   4.3840585538281748E-004   3.1989192888625247E-004
           3           0   1.0882373534387738E-003
           4           0   4.8357370308807832E-004
           5           0   6.2354333530798315E-004
   0.8517037E+01
           2           0           0           0   4.7561263730640392E-004   4.3840585538281748E-004   3.1989192888625247E-004
           3           0   1.0882373534387738E-003
           4           0   4.8357370308807832E-004
           5           0   6.2354333530798315E-004
   0.8618430E+01
           2           0           0           0   4.7561263730640392E-004   4.3840585538281748E-004   3.1989192888625247E-004
           3           0   1.0882373534387738E-003
           4           0   4.8357370308807832E-004
           5           0   6.2354333530798315E-004
   0.8719823E+01
           2           0           0           0   4.7561263730640392E-004   4.3840585538281748E-004   3.1989192888625247E-004
           3           0   1.0882373534387738E-003
           4           0   4.8357370308807832E-004
           5           0   6.2354333530798315E-004
   0.8821216E+01
           2           0           0           0   4.7561263730640392E-004   4.3840585538281748E-004   3.1989192888625247E-004
           3           0   1.0882373534387738E-003
           4           0   4.8357370308807832E-004
           5           0   6.2354333530798315E-004
   0.8922610E+01
           2           0           0           0   4.7561263730640392E-004   4.3840585538281748E-004   3.1989192888625247E-004
           3           0   1.0882373534387738E-003
           4           0   4.8357370308807832E-004
           5           0   6.2354333530798315E-004
   0.9024003E+01
           2           0           0           0   4.7561263730640392E-004   4.3840585538281748E-004   3.1989192888625247E-004
           3           0   1.0882373534387738E-003
           4           0   4.8357370308807832E-004
           5           0   6.2354333530798315E-004
   0.9125396E+01
           2           0           0           0   4.7561263730640392E-004   4.3840585538281748E-004   3.1989192888625247E-004
           3           0   1.0882373534387738E-003
           4           0   4.8357370308807832E-004
           5           0   6.2354333530798315E-004
   0.9226790E+01
           2           0           0           0   4.7561263730640392E-004   4.3840585538281748E-004   3.1989192888625247E-004
           3           0   1.0882373534387738E-003
           4           0   4.8357370308807832E-004
           5           0   6.2354333530798315E-004
   0.9328183E+01
           2           0           0           0   4.7561263730640392E-004   4.3840585538281748E-004   3.1989192888625247E-004
           3           0   1.0882373534387738E-003
           4           0   4.8357370308807832E-004
           5           0   6.2354333530798315E-004
   0.9429576E+01
           2           0           0           0   4.7561263730640392E-004   4.3840585538281748E-004   3.1989192888625247E-004
           3           0   1.0882373534387738E-003
           4           0   4.8357370308807832E-004
           5           0   6.2354333530798315E-004
   0.9530970E+01
           2           0           0           0   4.7561263730640392E-004   4.3840585538281748E-004   3.1989192888625247E-004
           3           0   1.0882373534387738E-003
           4           0   4.8357370308807832E-004
           5           0   6.2354333530798315E-004
   0.9632363E+01
           2           0           0           0   4.7561263730640392E-004   4.3840585538281748E-004   3.1989192888625247E-004
           3           0   1.0882373534387738E-003
           4           0   4.8357370308807832E-004
           5           0   6.2354333530798315E-004
   0.9733756E+01
           2           0           0           0   4.7561263730640392E-004   4.3840585538281748E-004   3.1989192888625247E-004
           3           0   1.0882373534387738E-003
           4           0   4.8357370308807832E-004
           5           0   6.2354333530798315E-004
   0.9835149E+01
           2           0           0           0   4.7561263730640392E-004   4.3840585538281748E-004   3.1989192888625247E-004
           3           0   1.0882373534387738E-003
           4           0   4.8357370308807832E-004
           5           0   6.2354333530798315E-004
   0.9936543E+01
           2           0           0           0   4.7561263730640392E-004   4.3840585538281748E-004   3.1989192888625247E-004
           3           0   1.0882373534387738E-003
           4           0   4.8357370308807832E-004
           5           0   6.2354333530798315E-004
