   0.0000000E+00
           2           0           0           0   0.0000000000000000        0.0000000000000000        0.0000000000000000     
           3           0   0.0000000000000000     
           4           0   0.0000000000000000     
           5           0   0.0000000000000000     
   0.1013933E+00
           2           0           0           0   2.7397456056889744E-009   2.0165107232629357E-011   9.9250306869157756E-013
           3           0   6.2336869494900015E-008
           4           0   8.5232379249218825E-009
           5           0   4.7966072688572509E-008
   0.2027866E+00
           2           0           0           0   4.5847463451271294E-007   3.4107023050015581E-008   5.4982914154693802E-010
           3           0   2.2025485481455855E-006
           4           0   6.5943765050751703E-007
           5           0   5.2633909992366571E-007
   0.3041799E+00
           2           0           0           0   3.5911463375169439E-006   6.9892251994728379E-007   3.0624556435622449E-008
           3           0   3.2841002018541082E-005
           4           0   1.6780665125026929E-005
           5           0   1.7379732659641439E-005
   0.4055732E+00
           2           0           0           0   2.0447267210849926E-005   5.0967588090022498E-006   1.9565764156274207E-007
           3           0   4.9489861533048976E-005
           4           0   2.7647163369670752E-005
           5           0   2.5754980554567224E-005
   0.5069665E+00
           2           0           0           0   2.0447267210849926E-005   1.4883824890181899E-005   4.5966366316443868E-006
           3           0   4.9489861533048976E-005
           4           0   2.7647163369670752E-005
           5           0   2.5754980554567224E-005
   0.6083598E+00
           2           0           0           0   2.0447267210849926E-005   1.5498780980205537E-005   1.1981904988660831E-005
           3           0   4.9489861533048976E-005
           4           0   2.7647163369670752E-005
           5           0   2.5754980554567224E-005
   0.7097531E+00
           2           0           0           0   2.0447267210849926E-005   1.5498780980205537E-005   1.2609277622777224E-005
           3           0   4.9489861533048976E-005
           4           0   2.7647163369670752E-005
           5           0   2.5754980554567224E-005
   0.8111463E+00
           2           0           0           0   2.0447267210849926E-005   1.5498780980205537E-005   1.2609277622777224E-005
           3           0   4.9489861533048976E-005
           4           0   2.7647163369670752E-005
           5           0   2.5754980554567224E-005
   0.9125396E+00
           2           0           0           0   2.0447267210849926E-005   1.5498780980205537E-005   1.2609277622777224E-005
           3           0   4.9489861533048976E-005
           4           0   2.7647163369670752E-005
           5           0   2.5754980554567224E-005
   0.1013933E+01
           2           0           0           0   2.0447267210849926E-005   1.5498780980205537E-005   1.2609277622777224E-005
           3           0   4.9489861533048976E-005
           4           0   2.7647163369670752E-005
           5           0   2.5754980554567224E-005
   0.1115326E+01
           2           0           0           0   3.9347402110691635E-005   1.5498780980205537E-005   1.2609277622777224E-005
           3           0   5.5253158278848586E-005
           4           0   3.8386588715299358E-005
           5           0   3.5579999828021637E-005
   0.1216720E+01
           2           0           0           0   5.5783571622011529E-005   2.4911135537620291E-005   1.2609277622777224E-005
           3           0   5.5253158278848586E-005
           4           0   3.8576190770956931E-005
           5           0   3.5635378542472372E-005
   0.1318113E+01
           2           0           0           0   5.5783571622011529E-005   3.8599072533795574E-005   1.8531930066936162E-005
           3           0   8.0702824903161973E-005
           4           0   3.8576190770956931E-005
           5           0   3.5635378542472372E-005
   0.1419506E+01
           2           0           0           0   6.2270610488222907E-005   4.2184023890681196E-005   2.9506560886239958E-005
           3           0   8.0702824903161973E-005
           4           0   4.3892582332414507E-005
           5           0   3.7659571703319701E-005
   0.1520899E+01
           2           0           0           0   1.1552370350218612E-004   4.3094207322578048E-005   3.0109000585551209E-005
           3           0   2.9570378235902373E-004
           4           0   1.5986393039259985E-004
           5           0   1.5752470802810379E-004
   0.1622293E+01
           2           0           0           0   1.2321123611560233E-004   6.8664533866182997E-005   3.0109000585551209E-005
           3           0   3.4186717901489778E-004
           4           0   2.1971217551683625E-004
           5           0   1.8532785913265304E-004
   0.1723686E+01
           2           0           0           0   1.9016698330899106E-004   8.3731266692226044E-005   7.0656858167889949E-005
           3           0   5.3828723234020397E-004
           4           0   3.4776806933318490E-004
           5           0   3.2355315368587346E-004
   0.1825079E+01
           2           0           0           0   1.9585955244667797E-004   1.0234050497326273E-004   7.7709339338864799E-005
           3           0   5.3828723234020397E-004
           4           0   3.4776806933318490E-004
           5           0   3.2355315368587346E-004
   0.1926473E+01
           2           0           0           0   1.9585955244667797E-004   1.3296233286946705E-004   1.1598106295121535E-004
           3           0   1.2027163689548265E-003
           4           0   6.6612974785593821E-004
           5           0   6.2512220752609373E-004
   0.2027866E+01
           2           0           0           0   5.8531102855654030E-004   1.3296233286946705E-004   1.6647840660165975E-004
           3           0   1.7704619511501180E-003
           4           0   9.3413244635045828E-004
           5           0   8.5886598295563128E-004
   0.2129259E+01
           2           0           0           0   5.8531102855654030E-004   4.3097618219378021E-004   1.6647840660165975E-004
           3           0   1.7704619511501180E-003
           4           0   9.3413244635045828E-004
           5           0   8.5886598295563128E-004
   0.2230652E+01
           2           0           0           0   5.8531102855654030E-004   4.5942670902650431E-004   4.8474278090569262E-004
           3           0   1.7704619511501180E-003
           4           0   9.3413244635045828E-004
           5           0   8.5886598295563128E-004
   0.2332046E+01
           2           0           0           0   5.8531102855654030E-004   4.5942670902650431E-004   4.9712737000724445E-004
           3           0   1.7704619511501180E-003
           4           0   9.3413244635045828E-004
           5           0   8.5886598295563128E-004
   0.2433439E+01
           2           0           0           0   7.6273328845697199E-004   5.8100295530672896E-004   4.9712737000724445E-004
           3           0   1.7704619511501180E-003
           4           0   9.3413244635045828E-004
           5           0   8.5886598295563128E-004
   0.2534832E+01
           2           0           0           0   7.7351257600370314E-004   8.7007795209403157E-004   8.2788605254703173E-004
           3           1   4.1675142755809450E-003
           4           0   2.8994890838471496E-003
           5           0   2.6293556651043053E-003
   0.2636226E+01
           2           0           0           0   7.8683864883689165E-004   8.7007795209403157E-004   8.4567017139328853E-004
           3           1   4.1675142755809450E-003
           4           0   2.8994890838471496E-003
           5           0   2.6293556651043053E-003
   0.2737619E+01
           2           0           0           0   8.5855061020492221E-004   8.7007795209403157E-004   8.4567017139328853E-004
           3           1   5.5494270512814513E-003
           4           1   3.7063861506939472E-003
           5           1   3.5590731272565116E-003
   0.2839012E+01
           2           0           0           0   8.5855061020492221E-004   8.7007795209403157E-004   8.4567017139328853E-004
           3           1   6.3940472367999754E-003
           4           1   4.4723920122931599E-003
           5           1   4.0648592194443252E-003
   0.2940405E+01
           2           0           0           0   8.9546482372343734E-004   8.7007795209403157E-004   8.4567017139328853E-004
           3           1   7.2987595828562278E-003
           4           1   4.7294203042233789E-003
           5           1   4.4075271971148857E-003
   0.3041799E+01
           2           0           0           0   8.9546482372343734E-004   8.7007795209403157E-004   8.4567017139328853E-004
           3           1   7.2987595828562278E-003
           4           1   4.7294203042233789E-003
           5           1   4.4075271971148857E-003
   0.3143192E+01
           2           0           0           0   8.9546482372343734E-004   8.7007795209403157E-004   8.4567017139328853E-004
           3           1   7.2987595828562278E-003
           4           1   4.7294203042233789E-003
           5           1   4.4075271971148857E-003
   0.3244585E+01
           2           0           0           0   8.9546482372343734E-004   8.7007795209403157E-004   8.4567017139328853E-004
           3           1   7.2987595828562278E-003
           4           1   4.7294203042233789E-003
           5           1   4.4075271971148857E-003
   0.3345979E+01
           2           0           0           0   8.9546482372343734E-004   8.7007795209403157E-004   8.4567017139328853E-004
           3           1   7.2987595828562278E-003
           4           1   4.7294203042233789E-003
           5           1   4.4075271971148857E-003
   0.3447372E+01
           2           0           0           0   9.5716185187527051E-004   8.7007795209403157E-004   8.4567017139328853E-004
           3           1   7.2987595828562278E-003
           4           1   4.7294203042233789E-003
           5           1   4.4075271971148857E-003
   0.3548765E+01
           2           0           0           0   9.6031609883299660E-004   9.5919926377581596E-004   8.4567017139328853E-004
           3           1   7.2987595828562278E-003
           4           1   4.7294203042233789E-003
           5           1   4.4075271971148857E-003
   0.3650159E+01
           2           0           0           0   9.6031609883299660E-004   9.7646815825481537E-004   8.4567017139328853E-004
           3           1   7.2987595828562278E-003
           4           1   4.7294203042233789E-003
           5           1   4.4075271971148857E-003
   0.3751552E+01
           2           0           0           0   9.6031609883299660E-004   9.7646815825481537E-004   8.4567017139328853E-004
           3           1   7.2987595828562278E-003
           4           1   4.7294203042233789E-003
           5           1   4.4075271971148857E-003
   0.3852945E+01
           2           0           0           0   9.6031609883299660E-004   9.7646815825481537E-004   8.4567017139328853E-004
           3           1   7.2987595828562278E-003
           4           1   4.7294203042233789E-003
           5           1   4.4075271971148857E-003
   0.3954338E+01
           2           0           0           0   9.6031609883299660E-004   9.7646815825481537E-004   8.4567017139328853E-004
           3           1   7.2987595828562278E-003
           4           1   4.7294203042233789E-003
           5           1   4.4075271971148857E-003
   0.4055732E+01
           2           0           0           0   9.6031609883299660E-004   9.7646815825481537E-004   8.4567017139328853E-004
           3           1   7.2987595828562278E-003
           4           1   4.7294203042233789E-003
           5           1   4.4075271971148857E-003
   0.4157125E+01
           2           0           0           0   9.6031609883299660E-004   9.7646815825481537E-004   8.4567017139328853E-004
           3           1   7.2987595828562278E-003
           4           1   4.7294203042233789E-003
           5           1   4.4075271971148857E-003
   0.4258518E+01
           2           0           0           0   9.6031609883299660E-004   9.7646815825481537E-004   8.4567017139328853E-004
           3           1   7.2987595828562278E-003
           4           1   4.7294203042233789E-003
           5           1   4.4075271971148857E-003
   0.4359912E+01
           2           0           0           0   9.6031609883299660E-004   9.7646815825481537E-004   8.4567017139328853E-004
           3           1   7.2987595828562278E-003
           4           1   4.7294203042233789E-003
           5           1   4.4075271971148857E-003
   0.4461305E+01
           2           0           0           0   9.6031609883299660E-004   9.7646815825481537E-004   8.4567017139328853E-004
           3           1   7.2987595828562278E-003
           4           1   4.7294203042233789E-003
           5           1   4.4075271971148857E-003
   0.4562698E+01
           2           0           0           0   9.6031609883299660E-004   9.7646815825481537E-004   8.4567017139328853E-004
           3           1   7.2987595828562278E-003
           4           1   4.7294203042233789E-003
           5           1   4.4075271971148857E-003
   0.4664091E+01
           2           0           0           0   9.6031609883299660E-004   9.7646815825481537E-004   8.4567017139328853E-004
           3           1   7.2987595828562278E-003
           4           1   4.7294203042233789E-003
           5           1   4.4075271971148857E-003
   0.4765485E+01
           2           0           0           0   9.6031609883299660E-004   9.7646815825481537E-004   8.4567017139328853E-004
           3           1   7.2987595828562278E-003
           4           1   4.7294203042233789E-003
           5           1   4.4075271971148857E-003
   0.4866878E+01
           2           0           0           0   1.0635748388495760E-003   9.7646815825481537E-004   8.4567017139328853E-004
           3           1   7.2987595828562278E-003
           4           1   4.7294203042233789E-003
           5           1   4.4075271971148857E-003
   0.4968271E+01
           2           0           0           0   1.0635748388495760E-003   9.7646815825481537E-004   8.4567017139328853E-004
           3           1   7.2987595828562278E-003
           4           1   4.7294203042233789E-003
           5           1   4.4075271971148857E-003
   0.5069665E+01
           2           0           0           0   1.0635748388495760E-003   9.7646815825481537E-004   9.2406322308469409E-004
           3           1   7.2987595828562278E-003
           4           1   4.7294203042233789E-003
           5           1   4.4075271971148857E-003
   0.5171058E+01
           2           0           0           0   1.0635748388495760E-003   9.7646815825481537E-004   9.2406322308469409E-004
           3           1   7.2987595828562278E-003
           4           1   4.7294203042233789E-003
           5           1   4.4075271971148857E-003
   0.5272451E+01
           2           0           0           0   1.0635748388495760E-003   9.7646815825481537E-004   9.2406322308469409E-004
           3           1   7.2987595828562278E-003
           4           1   4.7294203042233789E-003
           5           1   4.4075271971148857E-003
   0.5373845E+01
           2           0           0           0   1.0635748388495760E-003   9.7646815825481537E-004   9.2406322308469409E-004
           3           1   7.2987595828562278E-003
           4           1   4.7294203042233789E-003
           5           1   4.4075271971148857E-003
   0.5475238E+01
           2           0           0           0   1.0635748388495760E-003   9.7646815825481537E-004   9.2406322308469409E-004
           3           1   7.2987595828562278E-003
           4           1   4.7294203042233789E-003
           5           1   4.4075271971148857E-003
   0.5576631E+01
           2           0           0           0   1.0635748388495760E-003   9.7646815825481537E-004   9.2406322308469409E-004
           3           1   7.2987595828562278E-003
           4           1   4.7294203042233789E-003
           5           1   4.4075271971148857E-003
   0.5678024E+01
           2           0           0           0   1.0635748388495760E-003   9.7646815825481537E-004   9.2406322308469409E-004
           3           1   7.2987595828562278E-003
           4           1   4.7294203042233789E-003
           5           1   4.4075271971148857E-003
   0.5779418E+01
           2           0           0           0   1.0635748388495760E-003   9.7646815825481537E-004   9.2406322308469409E-004
           3           1   7.2987595828562278E-003
           4           1   4.7294203042233789E-003
           5           1   4.4075271971148857E-003
   0.5880811E+01
           2           0           0           0   1.0635748388495760E-003   9.7646815825481537E-004   9.2406322308469409E-004
           3           1   7.2987595828562278E-003
           4           1   4.7294203042233789E-003
           5           1   4.4075271971148857E-003
   0.5982204E+01
           2           0           0           0   1.0635748388495760E-003   9.7646815825481537E-004   9.2406322308469409E-004
           3           1   7.2987595828562278E-003
           4           1   4.7294203042233789E-003
           5           1   4.4075271971148857E-003
   0.6083598E+01
           2           0           0           0   1.0635748388495760E-003   9.7646815825481537E-004   9.2406322308469409E-004
           3           1   7.2987595828562278E-003
           4           1   4.7294203042233789E-003
           5           1   4.4075271971148857E-003
   0.6184991E+01
           2           0           0           0   1.0635748388495760E-003   9.7646815825481537E-004   9.2406322308469409E-004
           3           1   7.2987595828562278E-003
           4           1   4.7294203042233789E-003
           5           1   4.4075271971148857E-003
   0.6286384E+01
           2           0           0           0   1.0635748388495760E-003   9.7646815825481537E-004   9.2406322308469409E-004
           3           1   7.2987595828562278E-003
           4           1   4.7294203042233789E-003
           5           1   4.4075271971148857E-003
   0.6387777E+01
           2           0           0           0   1.0635748388495760E-003   9.7646815825481537E-004   9.2406322308469409E-004
           3           1   7.2987595828562278E-003
           4           1   4.7294203042233789E-003
           5           1   4.4075271971148857E-003
   0.6489171E+01
           2           0           0           0   1.0635748388495760E-003   9.7646815825481537E-004   9.2406322308469409E-004
           3           1   7.2987595828562278E-003
           4           1   4.7294203042233789E-003
           5           1   4.4075271971148857E-003
   0.6590564E+01
           2           0           0           0   1.0635748388495760E-003   9.7646815825481537E-004   9.2406322308469409E-004
           3           1   7.2987595828562278E-003
           4           1   4.7294203042233789E-003
           5           1   4.4075271971148857E-003
   0.6691957E+01
           2           0           0           0   1.0635748388495760E-003   9.7646815825481537E-004   9.2406322308469409E-004
           3           1   7.2987595828562278E-003
           4           1   4.7294203042233789E-003
           5           1   4.4075271971148857E-003
   0.6793351E+01
           2           0           0           0   1.0635748388495760E-003   9.7646815825481537E-004   9.2406322308469409E-004
           3           1   7.2987595828562278E-003
           4           1   4.7294203042233789E-003
           5           1   4.4075271971148857E-003
   0.6894744E+01
           2           0           0           0   1.0635748388495760E-003   9.7646815825481537E-004   9.2406322308469409E-004
           3           1   7.2987595828562278E-003
           4           1   4.7294203042233789E-003
           5           1   4.4075271971148857E-003
   0.6996137E+01
           2           0           0           0   1.0635748388495760E-003   9.7646815825481537E-004   9.2406322308469409E-004
           3           1   7.2987595828562278E-003
           4           1   4.7294203042233789E-003
           5           1   4.4075271971148857E-003
   0.7097531E+01
           2           0           0           0   1.0635748388495760E-003   9.7646815825481537E-004   9.2406322308469409E-004
           3           1   7.2987595828562278E-003
           4           1   4.7294203042233789E-003
           5           1   4.4075271971148857E-003
   0.7198924E+01
           2           0           0           0   1.0635748388495760E-003   9.7646815825481537E-004   9.2406322308469409E-004
           3           1   7.2987595828562278E-003
           4           1   4.7294203042233789E-003
           5           1   4.4075271971148857E-003
   0.7300317E+01
           2           0           0           0   1.0635748388495760E-003   9.7646815825481537E-004   9.2406322308469409E-004
           3           1   7.2987595828562278E-003
           4           1   4.7294203042233789E-003
           5           1   4.4075271971148857E-003
   0.7401710E+01
           2           0           0           0   1.0635748388495760E-003   9.7646815825481537E-004   9.2406322308469409E-004
           3           1   7.2987595828562278E-003
           4           1   4.7294203042233789E-003
           5           1   4.4075271971148857E-003
   0.7503104E+01
           2           0           0           0   1.0635748388495760E-003   9.7646815825481537E-004   9.2406322308469409E-004
           3           1   7.2987595828562278E-003
           4           1   4.7294203042233789E-003
           5           1   4.4075271971148857E-003
   0.7604497E+01
           2           0           0           0   1.0635748388495760E-003   9.7646815825481537E-004   9.2406322308469409E-004
           3           1   7.2987595828562278E-003
           4           1   4.7294203042233789E-003
           5           1   4.4075271971148857E-003
   0.7705890E+01
           2           0           0           0   1.0635748388495760E-003   9.7646815825481537E-004   9.2406322308469409E-004
           3           1   7.2987595828562278E-003
           4           1   4.7294203042233789E-003
           5           1   4.4075271971148857E-003
   0.7807284E+01
           2           0           0           0   1.0635748388495760E-003   9.7646815825481537E-004   9.2406322308469409E-004
           3           1   7.2987595828562278E-003
           4           1   4.7294203042233789E-003
           5           1   4.4075271971148857E-003
   0.7908677E+01
           2           0           0           0   1.0635748388495760E-003   9.7646815825481537E-004   9.2406322308469409E-004
           3           1   7.2987595828562278E-003
           4           1   4.7294203042233789E-003
           5           1   4.4075271971148857E-003
   0.8010070E+01
           2           0           0           0   1.0635748388495760E-003   9.7646815825481537E-004   9.2406322308469409E-004
           3           1   7.2987595828562278E-003
           4           1   4.7294203042233789E-003
           5           1   4.4075271971148857E-003
   0.8111463E+01
           2           0           0           0   1.0635748388495760E-003   9.7646815825481537E-004   9.2406322308469409E-004
           3           1   7.2987595828562278E-003
           4           1   4.7294203042233789E-003
           5           1   4.4075271971148857E-003
   0.8212857E+01
           2           0           0           0   1.0635748388495760E-003   9.7646815825481537E-004   9.2406322308469409E-004
           3           1   7.2987595828562278E-003
           4           1   4.7294203042233789E-003
           5           1   4.4075271971148857E-003
   0.8314250E+01
           2           0           0           0   1.0635748388495760E-003   9.7646815825481537E-004   9.2406322308469409E-004
           3           1   7.2987595828562278E-003
           4           1   4.7294203042233789E-003
           5           1   4.4075271971148857E-003
   0.8415643E+01
           2           0           0           0   1.0635748388495760E-003   9.7646815825481537E-004   9.2406322308469409E-004
           3           1   7.2987595828562278E-003
           4           1   4.7294203042233789E-003
           5           1   4.4075271971148857E-003
   0.8517037E+01
           2           0           0           0   1.0635748388495760E-003   9.7646815825481537E-004   9.2406322308469409E-004
           3           1   7.2987595828562278E-003
           4           1   4.7294203042233789E-003
           5           1   4.4075271971148857E-003
   0.8618430E+01
           2           0           0           0   1.0635748388495760E-003   9.7646815825481537E-004   9.2406322308469409E-004
           3           1   7.2987595828562278E-003
           4           1   4.7294203042233789E-003
           5           1   4.4075271971148857E-003
   0.8719823E+01
           2           0           0           0   1.0635748388495760E-003   9.7646815825481537E-004   9.2406322308469409E-004
           3           1   7.2987595828562278E-003
           4           1   4.7294203042233789E-003
           5           1   4.4075271971148857E-003
   0.8821216E+01
           2           0           0           0   1.0635748388495760E-003   9.7646815825481537E-004   9.2406322308469409E-004
           3           1   7.2987595828562278E-003
           4           1   4.7294203042233789E-003
           5           1   4.4075271971148857E-003
   0.8922610E+01
           2           0           0           0   1.0635748388495760E-003   9.7646815825481537E-004   9.2406322308469409E-004
           3           1   7.2987595828562278E-003
           4           1   4.7294203042233789E-003
           5           1   4.4075271971148857E-003
   0.9024003E+01
           2           0           0           0   1.0635748388495760E-003   9.7646815825481537E-004   9.2406322308469409E-004
           3           1   7.2987595828562278E-003
           4           1   4.7294203042233789E-003
           5           1   4.4075271971148857E-003
   0.9125396E+01
           2           0           0           0   1.0635748388495760E-003   9.7646815825481537E-004   9.2406322308469409E-004
           3           1   7.2987595828562278E-003
           4           1   4.7294203042233789E-003
           5           1   4.4075271971148857E-003
   0.9226790E+01
           2           0           0           0   1.0635748388495760E-003   9.7646815825481537E-004   9.2406322308469409E-004
           3           1   7.2987595828562278E-003
           4           1   4.7294203042233789E-003
           5           1   4.4075271971148857E-003
   0.9328183E+01
           2           0           0           0   1.0635748388495760E-003   9.7646815825481537E-004   9.2406322308469409E-004
           3           1   7.2987595828562278E-003
           4           1   4.7294203042233789E-003
           5           1   4.4075271971148857E-003
   0.9429576E+01
           2           0           0           0   1.0635748388495760E-003   9.7646815825481537E-004   9.2406322308469409E-004
           3           1   7.2987595828562278E-003
           4           1   4.7294203042233789E-003
           5           1   4.4075271971148857E-003
   0.9530970E+01
           2           0           0           0   1.0635748388495760E-003   9.7646815825481537E-004   9.2406322308469409E-004
           3           1   7.2987595828562278E-003
           4           1   4.7294203042233789E-003
           5           1   4.4075271971148857E-003
   0.9632363E+01
           2           0           0           0   1.0635748388495760E-003   9.7646815825481537E-004   9.2406322308469409E-004
           3           1   7.2987595828562278E-003
           4           1   4.7294203042233789E-003
           5           1   4.4075271971148857E-003
   0.9733756E+01
           2           0           0           0   1.0635748388495760E-003   9.7646815825481537E-004   9.2406322308469409E-004
           3           1   7.2987595828562278E-003
           4           1   4.7294203042233789E-003
           5           1   4.4075271971148857E-003
   0.9835149E+01
           2           0           0           0   1.0635748388495760E-003   9.7646815825481537E-004   9.2406322308469409E-004
           3           1   7.2987595828562278E-003
           4           1   4.7294203042233789E-003
           5           1   4.4075271971148857E-003
   0.9936543E+01
           2           0           0           0   1.0635748388495760E-003   9.7646815825481537E-004   9.2406322308469409E-004
           3           1   7.2987595828562278E-003
           4           1   4.7294203042233789E-003
           5           1   4.4075271971148857E-003
